11520
70839
231633
16956
19224
20345
27981
20296
14645
15446
233274
56193
20308
19073
15205
15902
20305
20303
11504
20692
15979
20293
66162
16592
74191
20302
18030
12453
59014
16852
12475
27373
66409
12521
99543
18301
106878
16456
104759
17001
16988
15216
20317
57266
20111
66102
13051
15951
17159
66054
20620
16010
226594
16419
53599
66049
242687
13014
15977
71853
18746
23790
13032
20621
12978
20288
74012
80885
73690
58809
53333
18432
67393
58198
71602
105348
16792
50778
15441
12495
26888
13132
65256
16432
21926
83430
16599
15510
17095
16160
17246
16149
17975
66141
80752
11690
227620
11881
103963
12491
23917
121021
50498
66090
13030
20202
12273
12039
12462
14678
20310
66599
18033
22041
102545
12332
11605
16194
270084
21812
18413
58217
12489
18813
53945
100637
108735
93692
231834
29869
11747
107272
19079
100034251
12493
66734
68545
18793
69065
66997
20810
51801
17305
67855
15526
21887
64099
269181
108888
330217
20556
13449
67213
68507
102465959
235584
67092
14086
73847
20210
70769
57875
12517
17381
67951
13039
21912
69671
14718
207278
12317
68048
12512
68964
18032
70466
108673
72461
66259
14268
108115
18103
20304
246256
65963
24088
12045
16828
15186
20861
14528
13875
14977
14569
117198
14828
12611
51793
66614
16476
24044
18718
70510
73149
66355
18148
218203
270192
67865
16170
213053
16832
110119
12466
216991
140580
66249
217944
11821
230098
21985
58185
72948
12615
320139
102103
22295
16854
68631
16175
26382
71279
544817
76737
11906
12442
19698
11855
16976
18438
77128
28114
80281
17474
11966
107769
17179
16918
69072
24083
12257
15242
66143
20971
14827
100038577
14293
56397
102216272
12469
13665
170752
98496
20454
106582
13010
12960
65112
14270
21917
56212
69550
68910
11790
54725
224090
14538
83382
12575
13730
80719
16004
80876
52588
216543
11307
17319
16565
13681
50706
15525
224860
19175
211401
19730
15204
20306
67941
26943
18102
21854
57916
68988
26416
74840
26443
22123
20750
67888
16178
12977
67759
15439
12988
19089
18576
56338
20393
20463
78267
229877
74734
22139
22436
67089
12322
56464
19179
52530
69188
76905
74131
19245
16181
22142
52468
246746
22401
22352
18858
54208
66058
414084
15212
227696
216169
12227
68272
214597
104156
15469
226695
76267
233406
212937
52662
20862
14793
54613
14702
11853
68652
12890
192657
20352
71706
56095
30935
230075
74370
52463
52276
17118
76933
63955
21346
12306
65111
22214
68943
30877
101488
74376
74148
225912
319430
73750
23894
210741
22268
67477
108000
54199
66246
13664
29876
80981
64138
21973
67895
56440
330222
23849
13004
170758
70984
12527
277360
268903
14389
56619
12428
320705
66085
17258
17125
67204
14605
70802
12959
18074
381668
18569
20585
21810
29815
12370
84113
59025
28030
11846
26934
68774
20201
18751
26431
70882
234549
23874
66540
21872
171207
20648
12520
66939
60533
268885
18442
21452
227659
16598
52513
69202
73341
67838
67059
217011
12304
13854
71520
211922
13688
20469
16193
54445
56348
78388
16819
192232
64136
21950
26417
18769
57370
11350
192654
11798
66235
21745
232187
27280
239759
11727
16548
18753
20595
103136
72278
16430
13036
14790
12366
73822
100038882
15939
11490
211548
20511
14132
14744
381678
80877
207495
23871
15945
12418
12702
63959
108797
13660
380732
276770
16905
12047
407831
17750
66362
228775
80914
140570
54368
16402
214922
55989
217203
12181
11799
67511
20887
11964
11501
237847
17761
72599
20491
215387
12261
227120
56462
56461
30955
107375
66610
75416
217262
209225
71817
213541
15982
207592
56360
72750
328365
12465
27053
54123
16449
14998
18950
27395
66142
67239
12534
215418
14758
59044
70274
70310
17345
12044
20656
19219
68713
14676
98238
27374
237387
69769
67044
109305
18805
20102
70247
56017
14958
72536
227154
72117
108078
12398
72170
54720
67134
239667
17966
72119
67842
18453
76499
68703
50772
665775
52040
232334
110816
14450
108767
14433
14784
74114
208043
19332
21454
18187
72349
26385
216198
19072
12321
74919
17131
380773
230935
380969
268739
17299
77407
19878
14635
76206
108907
14009
231532
81489
58521
209630
20661
52123
17132
12628
236511
235036
98053
100855
17748
381549
67608
66942
18521
70099
54354
66590
14990
140780
76614
320024
72826
11973
75973
17906
27261
77862
22282
26444
101612
21379
66929
22193
76448
208795
23890
68465
56086
24110
16923
110006
18174
104099
14007
108037
14700
73656
18195
23833
70025
67832
17869
22778
15931
238247
246707
18796
11432
12696
22379
14873
67425
67683
68420
78816
68166
14229
67949
18477
67443
20868
228839
15983
75805
93760
20863
223754
241556
69902
12034
66870
109151
59031
12048
67775
75785
108147
21335
68137
277468
30794
16952
433693
13602
11555
217835
17755
20512
56485
12580
217109
16551
54709
24109
232164
75547
235339
17127
66973
26377
69288
12450
30941
16186
76983
75751
99326
70031
11481
20354
14113
21929
19063
16985
69608
20501
228543
19703
108682
67122
140482
26949
16478
231655
229534
15985
66230
192786
56433
210009
67111
229900
66413
27355
13805
102595
18479
328314
17260
268396
77864
52466
215210
100504267
19039
56469
59038
104086
243958
66271
239217
102060
170737
102657
77573
102334
20481
74202
21935
104418
215615
75646
228889
140742
72391
56347
207521
243961
108012
21858
20266
13058
66538
17308
11820
56489
58203
432396
269799
12192
77976
94346
22318
57750
21897
20525
16506
58861
373864
72515
97961
68799
21877
56282
331026
15251
195522
20677
73710
78294
12609
241274
18476
69573
319924
12709
16589
66414
70495
67738
11655
53414
22751
22026
217151
100608
56692
66889
104444
20019
20832
73389
75690
72674
230784
27279
14373
226101
15001
228026
320078
59049
26754
24017
276952
66329
213895
76299
100383
78653
54325
78558
67603
67973
77578
20168
329154
243819
68032
383295
12313
223691
67427
107513
50773
16835
12367
231642
232406
28019
105988
22225
11737
236451
105239
16825
56449
83997
66624
12876
232341
11801
14245
66902
68758
433638
114654
12238
18817
109672
654812
230752
20878
12794
20444
237823
216829
70361
19347
27966
234776
22027
207474
11810
14066
227197
50493
60611
11776
56693
14962
15211
107995
72759
18011
11542
54403
19052
64655
26611
21391
17105
329470
68436
320795
230861
22228
11487
54353
268859
70296
17448
67604
56357
67824
83486
12566
383619
27784
16765
53378
12522
226830
19357
170719
52882
17089
14296
101706
57315
14187
56409
216150
57773
71918
214469
13653
237860
218977
245195
22329
66445
71816
17085
13018
227613
75620
56284
28126
74931
70652
240034
12642
72587
19414
103710
19283
12449
27528
223723
14884
26406
106529
232989
17463
26570
67980
245474
68147
210293
67869
56743
230145
101943
67332
17758
14281
69956
56321
21991
66743
74748
13016
55944
66165
12036
12452
22278
27225
244745
70235
14667
231128
11564
67671
21762
320292
12807
381038
54351
67920
17156
56367
83815
621823
326618
74585
12028
11972
233908
68279
76809
23825
56200
18036
53356
18578
241915
59048
66120
227753
30045
77097
100182
12314
12505
18984
56458
68981
70083
66972
330189
68682
74035
224742
66475
75452
50492
66294
672763
76205
109093
100038522
75320
237107
56807
20460
17113
12458
11811
18222
16974
17534
67493
104721
140483
78697
106795
171285
15369
23991
56710
19280
105670
12193
216156
75398
76467
106952
59090
17174
277396
74006
68015
19348
380916
216760
15481
14263
11789
319849
13685
108912
52120
20182
231464
235626
208366
71819
105689
75316
234258
15461
11363
66335
54167
12577
70397
52837
72691
27397
225020
108156
71997
23996
107753
67803
56809
110750
67223
23999
18514
229499
108086
20867
65945
12236
19230
12282
26365
67936
14260
21835
56726
22354
94066
24015
68493
80283
330817
16331
14218
110095
18590
66245
238276
209737
53895
76893
14077
192976
15288
22346
67065
66448
83436
74008
15366
18412
20200
71934
67452
65114
22272
52004
22022
67160
245867
12389
12301
68877
69780
216987
22201
66140
22437
13382
57261
665574
209760
15507
105278
56207
14719
319236
13244
53421
71481
18803
320802
18606
54338
14775
216825
110033
16179
16553
68705
50931
93679
70186
54161
245607
18018
652925
66320
104001
68977
107702
234515
67154
26445
268595
268697
12799
17929
231070
18146
20614
68979
17768
13549
67374
100861531
12046
12335
57330
68612
69953
108150
50918
208449
16541
56722
18708
64051
15528
80294
104662
98386
54484
94190
233276
68867
56307
12032
67489
19184
209018
74111
171543
18189
16571
107227
68083
76273
19385
116914
16154
170753
17069
328572
15957
380711
68526
23887
66212
246738
217305
193740
78521
101023
58805
170756
11497
27414
80911
319660
70231
14672
107242
231452
11666
78286
217344
71461
110208
66109
18750
20492
50769
20515
97165
229841
16480
97487
74026
102436
12359
56463
17859
17121
18100
67040
232232
242109
17533
76932
19025
68836
71148
19309
20689
107071
20135
14194
72324
194388
232087
214572
94180
64833
66978
68267
12805
66077
22761
70118
56412
56473
50913
69189
101602
67155
381626
67890
69893
67726
20392
21788
19055
27041
67434
54392
74196
100201
16881
19156
80907
12819
19253
18436
67834
50914
108067
232333
71805
384059
67375
22240
68743
72475
89867
353211
664883
217653
67168
19735
234076
67872
12532
21416
68184
78255
74155
15559
70465
57279
16319
329650
76650
52830
269523
216846
12700
170790
56445
230514
11796
22241
53893
12033
16518
80913
73469
67681
21803
64540
28193
100628611
338355
76501
67952
102115
16000
72543
81004
16658
108148
80860
69257
15519
192166
102466212
245847
24074
67488
67680
234396
218215
100042480
78891
97998
71881
13121
16439
20130
75725
60441
66121
16513
229542
67547
66310
98193
56361
101359
22791
17304
50790
18669
104625
11629
109054
235180
14923
237542
223918
72472
78514
18786
76687
69106
56075
12409
66489
109361
242083
73825
80986
56470
13852
67619
12464
53376
11657
210766
13654
103425
110172
20014
94253
106039
18010
71361
268448
320127
12363
66505
110173
67099
19225
100087
68744
234463
68441
105171
69860
18572
67877
74533
18754
21817
16205
52713
56374
434204
74039
13024
68386
108100
66674
11842
108664
27275
12847
66949
12479
23997
14815
57259
71919
276846
216965
217995
67530
212276
53791
68515
76108
19286
12856
16728
11770
18641
66868
12400
99100
52653
57813
76510
78266
329384
59029
217692
73834
229445
50529
109674
353258
20397
12461
56330
67876
11303
23821
66801
66836
15258
56375
630836
72017
17713
100465
67371
12655
75758
68021
107771
16543
73836
14870
16012
12858
69178
98258
252972
108911
54610
20708
17347
19732
235611
208643
26940
11518
74737
67087
22143
22367
14681
23962
17160
20514
23969
102626
19267
26441
74580
27399
75786
214642
16403
68512
319722
66411
654820
13430
110379
27360
69710
330836
11429
71207
22070
68533
58801
67382
24068
11674
192176
101739
19384
209683
76709
77134
320100
16176
22378
78618
14056
245695
11899
69638
246730
68047
67203
99382
330260
69125
70110
106298
56214
77891
30928
108961
83704
97820
353242
71946
19326
20655
93834
66988
71310
54371
67501
74754
353502
69548
15257
20195
56434
68355
17122
54396
266692
14020
67629
67615
70538
218506
72194
66218
12323
77044
16363
109019
11769
12508
13614
230737
72039
108655
56451
233016
69597
239555
399101
67812
75691
17913
240641
381810
18783
73674
81910
20624
68036
216766
233571
63986
110213
66912
19165
66917
72735
574428
19353
213556
225027
21417
109785
332397
68090
29873
227292
100689703
13601
70285
71988
67141
11847
71929
74244
231803
67841
99712
17684
18807
66055
17220
109079
19188
74476
107094
100503849
74763
224111
23943
223435
72404
231872
66977
68970
20496
94212
319934
170644
13857
55942
66151
67052
54710
98956
77543
216799
30795
15384
54483
236604
76686
17979
19218
76524
20843
66822
66181
27973
225160
69976
107975
78832
235344
77166
228866
353310
234814
243371
11787
66566
69228
74359
19359
75475
55927
208715
68235
19277
621976
107746
223658
14782
80288
105352
12576
56380
20932
20338
74136
23856
80517
69101
76252
27366
18114
223255
27398
18021
64657
21425
67474
69237
104348
100502766
67308
20893
229504
20823
66248
12419
19646
231713
54673
68087
319455
80290
67937
19242
71710
11739
20419
56532
69895
319760
67864
27361
12267
211064
54519
56752
73422
56708
18150
24100
104681
218581
69745
14683
70356
246277
71990
16973
97112
68859
13629
98267
20558
30052
69090
108069
80287
13429
21453
67468
237253
51810
223989
18557
15505
15289
73474
66483
66592
97387
76192
19211
66256
66107
30055
15959
21807
20852
109689
14594
69617
27993
11813
70047
234374
64011
232288
319984
211286
72828
20437
14228
106522
26920
53379
66587
74493
56213
27027
50883
15468
12703
70349
56421
68133
270097
18604
16197
20652
433586
22628
13011
78894
15002
76408
83796
52700
21857
208084
216964
18190
16153
78416
233979
225363
26412
19043
14751
16164
53872
402767
71701
216161
12122
19166
70078
71793
83490
107951
268469
72323
18822
19877
269951
30050
99045
14289
72184
24045
29875
72141
17129
103742
13593
67273
74600
70601
106512
319845
20979
16898
228482
192986
53620
319955
52637
20307
50799
66890
13618
21825
13631
20650
14423
56055
67861
12567
67512
12388
243725
78334
229937
66911
14629
230837
77929
66583
75695
219132
12874
71375
68298
64209
66689
50876
74107
75767
11541
104479
56454
66626
58193
75602
18755
52585
72662
216869
271127
116905
70382
56534
72068
24014
71389
52432
20441
17857
71069
380629
53417
14254
54218
215449
228913
93843
20931
74326
11502
72080
107723
17756
107358
54194
74030
98758
100038725
69870
71914
73130
23988
70435
19035
668253
433256
214230
19044
18038
30947
29818
227746
68929
17134
215351
207740
66867
67003
83669
54153
12490
12581
243912
57296
107939
18201
69146
15199
110109
56275
66656
26921
19143
20604
56188
74102
20250
16600
74617
74211
50933
230801
171469
17918
106489
382423
66147
20262
73736
328949
75686
74246
22029
14825
50935
68693
22644
18008
69930
11910
68738
67270
81897
19177
328162
109254
54383
74117
225348
76265
66225
231503
211007
72542
13722
23908
56501
19173
12166
66681
67621
110962
18585
320982
13057
66223
12606
14673
70550
14365
57340
23971
12468
79059
11539
213773
227693
68796
629378
14768
622976
68365
16418
330192
27393
52202
14123
68107
12925
66074
606736
66865
72033
13605
54636
11803
18027
26397
93747
66661
52076
11758
30926
18111
18393
66521
23797
19921
116940
66671
227731
18024
17855
21953
26922
27057
245126
227615
52589
320365
228790
73024
15898
20502
75580
17537
21930
270118
23980
54369
56050
56715
64898
93841
13641
75597
22154
72900
66170
381792
73242
224454
207965
30791
12454
26404
17938
15466
19336
68423
21847
67881
331401
66679
67070
20751
14469
76916
226982
218693
50789
13885
26356
18141
20743
26396
270160
12643
68889
328801
433470
18247
22344
17992
67091
67441
408022
246221
72149
19172
20877
13836
22589
12866
66632
78767
242248
26373
19765
17973
237082
12424
67285
30046
217124
107321
68118
268297
20174
215705
69634
27388
219131
13992
22166
21413
53382
214968
99371
105245
12390
241727
14812
224824
14148
78317
14791
212632
17133
216892
71767
71722
52538
20933
320717
51944
56749
242705
231329
22770
19362
109129
26466
14235
67292
14166
84094
67693
83797
621998
53612
75841
26451
269582
78829
268294
57748
171212
12862
380785
52710
17961
26426
71673
20901
100310809
14999
381305
13627
75619
22224
227683
26562
19128
60322
70767
14595
22129
13732
23936
67897
213109
223499
110842
71954
23789
14198
432486
100042198
17762
110323
319448
66824
106821
217431
66366
218454
69957
64424
235542
15234
208869
76257
215201
228061
67843
12950
105372
244871
75764
100504663
22066
70240
69019
67442
74596
19255
240087
66048
230484
76846
14936
269593
18163
101056408
56046
630146
70729
12412
20779
21802
30930
12894
72400
224829
58243
229512
52357
74254
70316
18451
69660
76789
13713
70454
69080
19281
67224
15200
100039795
29813
22057
26394
320487
68735
11890
224020
380664
228998
20185
114896
13518
18792
269774
270906
66616
213391
20684
67199
217149
12748
12319
18028
13040
18655
71778
338467
21815
80886
214162
231887
16995
65221
20133
66857
59288
23859
20641
68939
54364
21664
18715
170742
328977
66276
18197
67263
12747
18600
217578
20963
231147
69666
15929
71956
23945
320343
23857
73658
17912
94061
54141
107829
233802
19167
30948
73824
70461
67486
241627
19300
12850
73078
216549
20947
18515
57869
14319
66148
16650
243743
101476
66152
223881
20439
19229
67437
71963
20499
320528
216233
68653
215194
74732
18844
66059
72481
74287
213988
13684
278097
72831
53603
22325
233332
17263
53375
66357
66488
104346
74319
192231
76281
23881
12891
17967
14388
170768
67298
76051
22643
231855
73680
53412
19704
55943
213827
68718
11975
22340
329506
98365
71586
225131
19771
108937
30838
70355
72056
19056
77727
11785
227522
269608
19264
17993
52150
71916
69740
20866
14190
68097
68992
102058
245666
94062
225280
433702
72318
80749
12259
69774
75339
59021
56878
66525
15368
56506
378472
236920
66164
70925
21371
66336
73062
22273
55979
70823
217463
212398
67235
75788
382639
239857
625342
218397
574402
211612
20148
217030
72722
70804
226139
320538
19725
15531
29812
18706
53323
56428
667034
27369
14011
94112
72287
56040
54381
14809
21685
54486
101867
66401
67863
235604
27028
19707
20167
11845
78889
67840
208104
50917
269610
108124
65102
381314
213211
11749
17751
60365
108657
22385
68477
18628
17218
66965
67945
12488
219189
66374
54342
229562
333193
16649
69719
269941
67958
218699
66105
192662
241289
11750
66881
52033
75212
269060
225876
263764
26362
66922
14708
12908
52864
67222
14778
231871
73178
98660
70120
11932
228355
230709
17245
75104
52552
28035
76626
72930
74778
75705
67574
104394
331004
20667
233210
67538
195646
20405
433855
108800
11538
55936
668212
19981
14325
27356
20589
50754
18019
209387
19042
76498
13663
74478
56312
110593
78323
13388
106633
70508
18005
105859
20017
83945
66442
16572
268706
60504
67264
106572
229731
12182
66536
56364
229211
68611
21961
12015
170763
192119
30954
56644
244238
15064
75030
66251
72392
229681
214240
14159
68730
382014
171210
26456
20720
68195
66384
57317
68194
103236
11877
22720
19352
19018
107733
269116
19291
19941
13690
18685
72238
110524
234723
212980
21349
13199
11987
18634
14726
14579
266781
68268
67037
234664
14025
217304
21428
70799
17926
12843
16653
241447
19354
194401
230596
78656
17390
20662
228836
22687
69048
67016
207818
103573
56436
22785
74355
78784
319263
219105
12421
279766
69833
27965
16534
52679
16468
54644
234023
69399
14211
320844
338349
74016
24086
224619
67893
69186
71268
11546
66377
207165
71131
22718
71683
71807
56786
72772
114584
218518
13728
20343
16190
170743
18738
66082
20466
57753
19108
623474
76630
230027
100503890
18483
268564
67776
108176
12759
68040
216505
73998
216853
224023
13135
53896
13855
15516
76199
18701
232086
18015
56088
18824
66834
11651
14058
226977
234796
209446
56772
76263
98710
74451
22433
22289
67674
104776
11931
14562
102580
353156
104215
21888
18605
140571
66845
54197
66047
64933
103988
114128
66419
223827
77889
50907
52686
74868
192174
12986
66399
16563
67938
56504
13006
58218
12972
17240
56857
56758
22110
71474
56620
13982
118452
224893
76438
94218
20321
14950
56795
66432
17167
69632
16890
414068
94181
223920
78808
240120
59015
239027
109006
69094
54343
242894
56398
214987
321022
72621
27406
12168
16413
13209
68014
78339
634762
19094
231430
71584
53314
19058
66752
100019
76795
22287
21881
56844
14969
67010
78771
12661
66979
23922
268996
75345
12846
12763
66578
269536
12343
12177
26893
18173
104015
76808
71729
22153
66333
18810
212627
12974
22259
103534
74302
66407
76233
668218
223666
13483
620695
16332
19262
67914
80861
80751
72736
22704
234595
13807
67212
71175
14687
74646
69260
94093
16796
104252
74142
29806
70155
228730
107239
56356
98303
15078
21787
22040
52064
268490
12140
18213
76850
100039805
140904
75560
14555
103266
240186
76936
259277
227624
233033
20975
142682
75974
17999
17330
67369
66645
22145
14960
52118
58239
74838
194126
474145
105847
56520
50797
228993
210172
69089
320435
20977
21933
18670
280411
29859
210148
217218
18648
269424
232801
19057
27214
66855
208144
241311
66114
66242
54394
241308
100503085
27681
107527
380855
233895
67760
68591
320808
100048658
23994
68728
94249
77853
70604
80910
66056
52250
224624
24030
101314
70103
67459
78523
66231
16362
52397
227541
244141
235661
68197
17863
15370
69692
14402
66663
66926
109284
22059
244895
18749
240047
382090
100042498
215693
68524
72265
216134
13709
72440
18747
70021
19009
16434
60595
226641
11804
68626
545030
338364
19139
52504
56209
71862
50912
19340
72029
15182
12217
20729
207839
15488
21750
72997
56747
14862
12021
50753
20630
76574
72065
217449
170750
171531
23900
68565
20370
66684
66827
231327
224045
329679
11534
52335
12514
19651
27081
192197
65257
223775
230796
245527
15254
68041
606496
78733
12913
13590
67781
23992
75415
19240
66229
67849
17119
11496
215653
20257
53604
234413
114565
60409
170799
12785
17394
53621
245902
59125
58994
232784
74450
17425
83701
17433
30940
630499
217869
66214
54393
108670
21974
56351
270066
19205
211347
67429
14282
13476
13001
94246
22031
109778
16423
20229
218820
234736
72124
19982
72154
13017
17254
15365
67898
20965
20981
77034
11829
72568
19060
338372
66078
54196
109245
16880
226519
338367
67115
320534
71909
76938
66282
72193
58807
76580
58207
237052
218629
20670
18626
17775
217340
66290
66838
16364
66497
52668
83946
226841
22360
110877
17532
78833
56370
108121
59027
18040
207375
101513
66923
66352
242521
208198
26408
217306
23872
69834
80748
75723
69010
224105
67306
382034
407823
18570
378702
414801
381293
67467
625054
66254
66174
66441
93686
17354
106794
432731
66940
433408
54366
77591
68449
69920
338365
634731
13194
67392
72155
73683
232984
14114
24063
12411
54006
238328
270201
14886
211798
16580
20335
73251
353187
19744
227723
66990
22185
224092
19275
70448
72961
68642
72018
215748
14055
244059
209354
66179
237911
56424
68394
102791
320054
66508
15361
54646
13000
20683
14421
70160
170755
71562
69274
70572
17420
12798
72053
327744
12506
73827
80292
18193
12569
16560
19244
66840
22764
229715
215243
329727
20853
108013
117197
17096
57776
210544
11428
268390
14885
66625
170716
20973
18983
27407
57230
107569
77286
227638
12892
100213
320165
327959
18191
76832
16646
26427
68585
72157
20846
28135
216363
56443
67074
93838
74158
17151
75735
11800
13496
108671
19946
93685
14247
14961
56077
277250
19290
207952
69162
432572
74325
83602
68750
317757
20509
104318
223770
70536
217893
58231
170759
11576
320502
72935
107435
71721
11652
14704
269643
15382
29864
20382
20535
68035
68198
66618
73390
98417
22210
21833
102278
237073
328830
108853
230761
71986
629159
100503915
18217
50785
56384
245886
71949
246049
381921
66913
70350
70383
66297
218503
17161
58180
57905
22017
73910
67526
170731
69912
98221
76133
211586
20869
321019
17314
240064
12455
18221
76332
66541
68966
20498
66882
333433
83431
217708
233115
23885
83962
330122
70568
12745
234967
66642
27054
105855
214855
108699
56336
27405
233876
80985
233902
24070
235627
69917
18013
77305
18227
12298
268515
64934
216705
59042
107971
74377
70178
207227
68968
13853
245469
14199
329735
70354
234825
140546
105559
59054
15926
67811
233489
53319
72554
327978
20688
319604
320634
71978
76642
230259
68904
18846
66234
18034
219072
67979
72931
216527
279572
13193
18712
330695
170741
70560
56292
72739
19400
76890
23948
76425
23939
16878
319899
54637
17025
276905
216877
29856
102442
12069
13555
74442
67182
100526556
72325
233271
16512
100609
228662
107522
68995
50911
242050
68955
381990
67723
26950
58250
18674
64294
67531
319655
74762
68038
14457
13144
100978
216439
22590
235050
58172
14810
18711
56280
108052
320484
19339
107607
17937
11482
218038
210004
234267
320207
211770
50930
21945
67267
246103
77531
22661
67238
207932
58208
13639
22632
15191
52502
216157
14799
67515
110094
12859
110829
100502982
230809
279653
12653
73137
12362
109075
228413
20299
235169
11637
245945
77582
66253
66397
380912
69668
71336
64659
11746
20227
68742
53330
225362
21976
76895
76816
13180
218490
791260
83766
102920
12537
30805
627110
12316
243621
230082
270198
320939
319371
74340
74255
68202
217303
73316
