13033
13030
24088
16854
14778
11816
11520
12522
16852
13039
17105
16956
11307
11747
16000
215418
64138
12306
20302
15902
12527
107272
20971
12512
18807
12977
20750
17476
11812
18412
12267
21815
11303
20303
11669
19039
21929
19025
22139
12045
433375
17872
14824
15370
13537
11910
74012
12492
104418
12982
11813
14972
110006
53599
67893
80885
21926
51793
12453
19073
80910
56644
17873
14702
16783
16010
11837
16362
15211
12702
14964
22608
18035
74617
51810
14828
80859
54199
16176
13032
50917
20397
54725
16889
19156
117160
15446
80877
14276
17085
83768
102595
15937
18413
12709
20972
23849
27984
19229
18546
16976
80879
15982
11363
12475
76448
67865
14678
14579
80752
217203
11605
270192
26874
19245
15199
17254
26949
57266
12483
20345
12017
26410
11931
14744
67803
12794
22436
76192
20310
243910
76438
380732
13423
171285
545551
23991
20556
20393
16592
76846
66049
69202
17754
26362
12505
59044
56193
19063
630499
106878
56857
18746
18769
20250
18950
50778
18438
320534
18024
15384
69780
11966
22352
71665
12642
14852
140580
192187
66259
27060
11804
74202
20525
20102
12752
16190
17381
67891
232406
54519
57875
170768
12575
109672
15894
67484
320292
15251
13660
54338
102545
13010
227620
104001
246256
75612
20979
12257
66246
269951
14645
11821
16653
12515
20652
73658
12514
11732
217151
66848
12443
17001
83433
66054
668218
19225
12332
12273
54003
27207
27419
30794
20977
216161
58217
13014
14077
12314
18458
65112
246707
26889
320024
11991
12894
216850
18453
13609
12890
12487
17916
66889
18822
14700
22142
23917
18606
16828
73690
78267
20317
12960
18010
69573
20288
27373
68097
18030
66085
20964
17160
20210
11490
17132
12523
14683
73847
12517
70495
101314
66610
16784
232341
16002
12343
66868
20338
20604
20965
74772
20621
18220
20970
245847
14260
266781
22193
18858
21912
19353
104111
14218
12805
66102
215449
214922
17755
56209
18189
20614
70839
20103
214240
12506
14387
239217
18111
268297
232989
17984
17118
15040
70381
18032
20893
27050
19192
18752
11504
20257
16332
68545
18173
104156
207495
56485
13024
14272
21847
22627
73822
66953
15951
16181
14873
19055
76808
78521
15368
75646
29875
231834
56409
93695
11975
23886
56693
109901
214854
64099
432486
69900
652925
233274
74919
56706
11674
65963
71738
20648
14086
14325
16004
19703
27784
242687
20440
70310
66505
17192
17524
18186
52004
12091
12315
68036
14432
64143
16832
54613
19332
100034251
13730
72055
80291
23871
22121
16599
21825
66995
11810
20463
219144
114601
20692
15182
71602
66090
229900
64011
432396
70350
110173
11746
114249
18521
13034
71772
22152
58223
18718
13664
67937
15945
11629
414077
18751
239849
13627
56726
67427
14681
192176
21682
20719
66109
235283
67020
56715
100038577
22240
16905
29876
224109
13589
20720
229877
26373
56722
68089
13830
67044
15559
12322
26888
192657
223658
14827
20091
19383
21813
211770
243961
84113
18605
67759
216169
97820
11803
11502
20540
21366
15931
22340
12577
76206
17289
20482
21991
19646
11501
83430
66911
76501
65972
15461
268301
14281
12751
268857
20148
12874
279572
59069
268890
20620
14784
353211
327762
14799
68631
241274
59287
68969
14455
224697
67213
66734
69537
11737
21917
11425
73830
21974
382406
14958
107771
231633
18039
381677
20588
317750
14825
235604
12767
52055
18197
67876
242248
26457
19325
17474
58801
102465959
71904
108014
13016
20044
75454
18738
58521
105670
101631
218454
13011
15900
72054
22027
67115
78388
140579
100040970
217344
12323
223775
22695
72961
71853
14718
208618
233979
16414
117198
214469
69368
14991
55949
54633
18578
69597
16477
80861
12653
68970
17939
19934
54411
239857
23966
76257
22190
16478
12424
106582
17537
18754
245857
246730
319984
11690
18187
110208
11433
27528
12520
11820
17756
22323
68943
72472
66042
19261
18479
13601
102626
12412
70804
67122
11899
238328
23964
12047
16658
12876
18645
77407
19823
56470
18027
19252
17750
27426
53415
216799
66890
27998
20677
216805
17762
26557
381823
19291
21664
80719
26961
56040
67181
56417
53331
20321
19345
30052
269180
19219
237542
17079
83796
73656
19049
67087
235043
108071
15936
14693
94185
235402
20014
57319
319604
110095
74137
234595
107358
224997
70536
12140
18793
20846
229562
73032
29815
27370
17125
66681
73710
14168
18163
20491
100952
58239
14570
11655
19989
12889
67186
18712
52857
17174
13199
24109
239743
18190
170743
16950
11853
100503468
23971
75973
14810
17210
66972
13992
67951
69745
215113
217944
21935
27979
18036
74244
77573
17133
20932
63986
20911
235584
71520
15975
20262
76686
100038882
13875
227696
217069
13663
69596
66156
270097
21354
19079
18442
16211
68992
66905
108012
330695
66437
20617
328314
77134
100040591
16792
170638
21950
19286
50914
229542
13058
16411
22351
20747
64540
109652
22367
11513
80907
14282
12925
18483
23943
18810
14268
24055
94178
74191
217124
78651
54484
20743
14628
11855
15442
19056
213541
69550
74148
13429
26377
68196
22223
80876
70021
20084
192652
16188
21849
330908
66335
16068
57754
11826
232146
16548
20616
276846
233878
211286
66556
226025
12304
19242
12359
50781
66422
13018
23945
98366
19731
69895
236604
235504
66940
108911
23994
12036
19290
320707
245945
216873
12419
118452
226101
16408
110886
18301
216869
215615
83431
74326
106512
29806
230738
64176
20745
76933
67615
212898
12400
65019
52882
56876
170752
20305
13732
67130
105352
20054
16985
19264
19165
17933
217304
19224
20887
227929
52120
56612
17342
20296
18439
20983
22282
13602
66375
60533
110119
64294
68929
56188
69608
22318
20502
20085
217303
66894
238161
20115
259277
16988
59048
207818
15191
207839
22228
223693
67448
24051
72611
108660
110809
16971
13200
21767
18040
12652
64209
68559
11964
20511
195646
67872
269643
57916
68420
14704
12317
59125
15184
66566
72446
22378
12609
100017
30941
11801
17394
65221
66537
211922
11519
14961
17319
18212
19878
99929
66797
14423
194590
12971
54403
59021
100561
20847
73723
93685
64136
12983
11932
18707
16175
235180
57138
100042785
27369
68718
16572
12750
50876
26417
18984
16911
66881
72183
19951
20639
58243
414068
20229
105859
26897
20788
67248
24070
381678
102294
18641
18549
56036
78889
53381
68652
56296
12570
67070
58807
72083
14870
56177
227731
14199
69710
212167
14812
68365
234023
12669
14528
16456
269604
11842
76737
16511
67445
19988
72685
21681
19089
12837
71994
13057
50772
209195
18643
17979
103425
12297
12326
11811
267019
72481
20684
19765
23859
13688
230757
170758
17906
21938
213556
98365
83382
16573
231855
53817
19230
53314
54123
56506
12260
20454
20778
231532
12580
72930
13998
227154
69161
218461
68764
56174
233406
80906
212114
15976
20254
101476
226641
56786
21838
23969
208643
76886
19340
116847
19268
433586
16155
18762
54673
223754
382423
68135
19275
26875
70882
19894
19046
22143
622976
81004
56433
17999
23881
14562
15444
18196
11740
68507
213989
15289
140792
232413
26950
15441
18081
14977
58200
68964
66961
109270
12361
12495
14569
19696
214505
17179
56356
17113
66593
98660
16430
112407
11676
100494
14688
76252
74153
327978
71839
17967
28193
19175
208092
18824
19357
574402
13025
67775
330941
231842
217695
13198
54401
21985
14538
67980
223697
76459
18792
20787
66383
16008
224090
20111
433424
16179
394432
75104
99151
20394
17748
236451
229706
75909
73046
26416
14020
406218
17691
19944
109349
65970
12631
15959
53421
70802
225131
12798
641340
16341
15586
269823
228545
67869
69090
12142
14537
170460
19359
20910
268595
114741
327959
269610
227525
329679
23934
68774
67023
13667
246081
268860
21928
29820
67568
12799
108755
21769
108013
22629
347722
73711
76650
72289
16186
14190
107702
14402
18148
620695
214968
17260
243328
210741
319899
12986
59031
108069
52696
76969
56044
13144
68015
76267
14043
15312
66912
66857
11785
17196
12988
228852
381201
217826
320528
19211
70911
14376
65107
18034
13385
20499
75745
229731
22192
22368
28088
320816
320011
12696
68598
14790
14800
52589
77531
72349
15234
74498
218038
66355
56772
109284
14420
12182
13175
93675
78832
229663
72565
27367
338367
12933
208449
14456
72461
67068
54451
12540
270198
171166
15208
60597
12259
380839
52132
74763
19336
75695
105653
81500
18637
16363
331401
107566
69219
15439
20404
13476
20723
12444
229541
434341
108037
22153
17069
72948
18938
24110
52855
20354
14421
16525
52626
65254
67972
11792
66379
14630
71146
76582
69870
72475
106931
56191
77552
28146
78321
108100
11844
75669
225994
19736
18826
12053
494448
67201
21973
26395
68875
192167
107652
104069
12488
78938
67988
12916
63959
67281
104099
16518
121021
53620
13629
67216
67092
16574
19283
54153
67302
15958
14275
20352
11848
93747
11857
14815
18481
68693
16909
14299
69634
67224
94040
11796
216440
14677
210274
20273
19899
56811
69010
76824
103963
54368
246177
66307
384281
229096
19280
70274
207521
19038
97387
72477
66836
13006
66922
381549
53883
68421
11845
19231
54720
66141
76205
17925
16172
12747
20307
105239
68800
56489
211556
59049
232201
73750
17000
54393
228662
75991
14886
59027
20973
320139
22619
19354
26992
18424
233071
72821
17110
216739
80285
108767
22384
67628
54126
12497
107885
243621
21872
83767
17769
78177
29812
76408
16898
319520
239759
68763
19309
14658
74342
18028
21855
191578
19043
18033
83924
69660
637515
83490
28000
76246
20514
55951
246728
16193
20733
231580
11482
67393
66914
94180
27053
13483
11787
78908
56013
98970
75725
20638
108673
11487
21346
215114
16402
57915
212980
103236
116940
54196
21416
14373
67938
53859
353047
110052
54644
56212
74596
13017
110751
18164
664862
12764
212518
71375
241846
114584
243339
18750
195522
19699
74551
67298
54616
68151
16153
21355
71795
17135
83962
76612
17258
18019
232333
225280
242443
72826
27176
20564
68836
75619
71918
18293
227753
211612
19141
53896
69539
27973
227743
11610
50884
11776
14433
70361
66870
67826
56462
140570
20286
99237
11636
68614
15242
67888
100201
67713
20744
12587
171580
12891
72935
735265
17951
72043
19045
72297
67880
67963
56216
109225
99326
269799
22268
78798
58198
11790
26451
17751
71720
13628
13179
76522
231871
20342
78937
244238
70510
53424
67103
224860
18029
18514
72480
216439
78552
14167
12661
72244
53605
110380
76025
214230
268469
66329
320705
14201
381199
71793
66168
229003
238988
70031
71778
27356
76478
353156
21452
15516
268396
18002
11886
107769
20201
14809
209225
19052
17701
23872
319655
18451
11906
208666
194655
108699
68796
14228
214642
225020
29864
17913
75599
56619
14198
217030
19266
58805
80981
211550
67863
16918
13244
16601
70604
68955
12363
621998
11689
78885
66771
74450
230145
68279
11927
24075
18747
20610
319586
93842
19240
218271
19267
63955
96957
100042498
12759
94088
16980
230484
237256
12452
19164
21417
140904
320782
58185
72693
14758
21816
15064
23983
19099
20810
21803
433693
17948
17309
50498
242667
209357
17470
68854
229534
104582
215707
109082
53609
20681
74325
56743
26370
70101
223827
11789
71361
12398
279653
15932
11517
15977
17918
50997
12738
14395
66923
246746
71207
109205
170790
269536
67369
72136
18023
277414
225215
71085
19244
29869
18830
69671
19820
76088
12293
320563
16880
17858
66656
15466
16467
13004
216049
19877
329908
216848
52898
26891
74376
319974
234593
94214
70078
240332
83485
102032
16728
21897
16480
77040
269033
15939
56791
272381
625098
226180
71955
243616
18733
235633
226122
26397
234373
21763
381792
15929
320165
56284
211712
17122
19347
69940
68859
17095
13371
80294
213391
109778
19659
105847
20375
225363
13131
109305
56351
108687
70314
19084
12409
15163
16205
21427
233987
67452
74868
56458
101739
20682
170791
29873
52585
13167
67760
14731
224105
13619
71883
15001
237436
229521
68050
329178
60595
50930
50880
233900
15387
18477
13036
57247
12504
66471
18472
74126
219228
21937
66576
105559
68184
16646
57440
94332
23802
108735
235106
57780
54216
225912
100273
20452
227327
628779
66624
15451
11416
19042
276952
11479
23887
319832
27277
18604
51944
12032
67154
68095
23833
20501
13726
231630
319468
207182
209011
12123
12308
110094
94229
75705
71776
74365
381379
211228
66059
72544
72324
106529
330369
11770
66231
12335
84094
12334
11539
66967
71881
319711
73218
16210
12521
20833
233489
16978
75736
18247
16490
328734
15926
16591
271457
56471
629378
68059
13132
14751
20185
69806
101685
76332
382062
12862
83797
215210
12300
22380
56213
234463
319757
76763
71069
625054
54610
22146
74354
234353
208263
12950
26401
66626
15571
14775
75805
53625
11429
22151
12493
26406
21887
77675
67397
20405
22630
108960
243653
67819
170759
20708
58203
107607
60322
24010
353310
193670
100910
110446
69942
59052
69976
228911
18669
114664
26385
57776
12643
20451
241727
23936
68259
109905
74646
20382
18711
319660
75019
20918
22319
19058
23894
70294
74022
74192
77031
12151
69617
20116
76273
56473
12406
72978
319504
14236
217353
19217
226830
11783
20408
56710
57261
71648
14962
20568
66131
58193
353169
104885
20130
76376
76425
213499
14401
269639
15388
319371
106504
17775
268859
100683
240873
12461
228775
245865
20597
97212
20312
246133
103712
208266
12227
23960
18476
100608
72832
11784
68203
59288
94282
71472
212073
53313
57342
58207
210573
72754
16969
52250
17089
67295
22134
26926
319352
15204
93834
57279
74147
18174
11766
12804
15469
231503
235606
68612
52685
23792
26414
19085
226518
66403
20218
14724
114886
17344
67308
56491
12125
29811
53945
21858
29859
17454
20512
54366
14187
19128
18795
18141
18755
18526
14381
75452
18648
241075
104086
52705
16560
240444
70974
12785
16768
57905
27279
66111
22154
68736
170737
71934
228061
12959
52118
319740
67501
71371
233065
231130
57340
18175
20869
77305
70093
12795
20732
56358
14007
225392
238266
107260
56294
67946
226139
225651
68592
56703
29817
19218
338366
212307
435965
56697
14182
98732
12509
66181
66990
108052
58809
73558
14009
12827
108150
16401
240725
68047
105689
212937
18550
192196
26938
192654
215008
105722
14397
100198
103098
53791
16825
434325
15488
229279
214855
17919
15258
18554
14225
319924
234267
231712
74100
228961
66091
94090
100072
103534
68666
66588
20220
245537
327814
20255
66999
30838
19281
21391
67180
214459
14357
76467
171210
73683
76281
18611
11652
22350
75600
13611
59093
11775
215351
52468
67458
11864
227674
30948
73149
15284
27368
404710
12455
11891
20227
67710
108078
67838
22682
65098
74182
432530
20308
13864
224824
56338
67914
66114
66209
83704
170833
64380
67332
11438
75735
18655
15366
14635
75259
268512
56375
71782
74901
74840
67844
105245
54197
28064
74761
70533
56360
54325
12841
20974
71954
12121
14687
66308
68147
18789
330319
23808
108124
234663
235611
12237
12757
12349
17532
328232
21833
54712
30928
107227
213582
76740
277250
68465
231207
15568
328234
18753
330222
110920
433759
97487
72290
19326
22589
407831
68477
72605
69871
13171
66500
68066
78004
108083
18708
104681
75608
66481
106205
17388
114716
99371
74026
69534
12868
233271
24056
20535
74493
277360
68051
216724
67877
30877
69606
69038
53869
21810
68166
109648
14184
80913
671535
12055
83925
12345
15957
72831
22070
81701
27410
26394
54138
13800
231002
66078
14051
320405
56541
66200
105278
29858
217737
53418
14159
20510
72323
74315
21812
50767
83766
76799
98386
17119
15980
109674
56085
232449
228482
20202
94219
23790
53607
75616
68041
353502
67097
14155
19259
66251
83997
15983
67155
54563
71452
12491
214359
23885
17920
70550
22761
18191
330863
22376
78784
68744
414801
72661
78232
57259
67288
19155
104625
606496
14406
18761
223255
74467
11488
107375
16589
57783
73835
70178
14339
30935
236511
12611
80911
67549
59004
619605
237782
207278
78255
28018
14629
74245
20536
209378
18573
80860
23825
243853
75320
75607
66119
22335
59014
27361
80976
69672
217410
75420
17761
18767
12069
56747
19339
93762
15560
53603
12331
20024
217082
14284
227120
228543
320951
12729
268420
66268
22642
18176
58234
26554
13590
83429
224014
18626
56407
231874
237052
320802
66442
68273
240121
26411
243548
20174
27681
53319
22433
214133
76898
208518
12028
20088
66854
14194
216825
269966
75316
94221
227697
59046
71667
232821
57376
66385
56550
109154
28169
16512
213550
14137
106393
55935
74732
12215
100042198
11839
22354
243819
74277
116838
117148
76130
71302
18670
21969
217835
20320
67789
70382
232288
76479
77097
84505
85308
26921
18417
93692
13654
59090
12793
22324
243867
21372
240058
76577
69163
53623
12558
18015
269682
14251
277463
55960
18087
225995
19330
109151
404545
13447
216190
76719
23853
104027
13722
71865
233789
59095
231887
18146
70984
17294
12286
18823
214951
54607
70561
72459
14360
78369
70020
16649
12445
11922
210044
20666
104175
12847
110651
22770
19331
110157
56443
71609
73067
18129
16419
268510
433638
17184
109181
12607
12946
53356
106639
70358
66273
108657
16819
381983
76987
74610
77891
56442
76976
15108
78829
104252
210710
104009
64085
13819
209018
20713
74155
66162
56554
53602
228875
231464
60365
23831
23965
13494
106369
22059
72927
22284
14270
75620
100038460
231147
217310
67255
67442
72065
15519
330189
26450
12934
66508
29871
74718
66075
65256
114896
13051
66151
270084
69017
67149
17149
207393
100213
170744
13401
11883
100526469
20877
15194
17433
17240
19328
80898
279766
17760
207212
108671
17283
108760
108115
672763
18217
321019
216543
100504231
52477
30054
14415
17305
18392
18813
56437
20598
268739
20304
15369
20370
382639
331026
67238
78323
214106
109689
20163
217125
56420
75547
215772
22040
11829
17173
11532
260302
57439
56440
72018
13669
19879
100317
16195
329514
20284
21356
18003
14254
70430
67903
74451
116733
271377
11568
231997
12051
69470
78308
20265
19342
64050
192950
213673
239027
227197
192216
77034
108954
12552
11745
243755
12336
100503460
18991
75734
193742
100504267
11735
108907
74229
75409
66384
320790
27225
240880
109254
53610
22187
56532
56348
69930
12626
66464
69064
16974
170756
320939
381605
12348
66077
56367
12387
66177
12236
67788
219257
20623
225160
52846
70568
78339
19122
67847
244548
13839
245828
101883
64144
108800
52432
20104
234699
107528
103012
217732
56615
208715
16536
66993
94275
58988
66869
14719
68938
22259
217893
208624
665180
230157
69080
22034
69234
18768
79456
80904
23829
72171
269338
69590
99311
13855
26951
80290
17112
59092
73251
13612
73139
17955
14884
13026
56292
104725
14073
74096
22687
110391
70538
55963
219131
72057
85029
242274
110695
225724
23962
27966
382253
234911
665775
70231
69125
19179
21946
72391
56551
53378
235505
19704
12494
268996
58175
219181
114143
260409
52538
77166
74392
69178
11977
26420
241520
207740
227290
17912
623169
80985
13854
234776
13690
76491
53761
142682
170749
11767
18601
14708
209268
78670
171486
216705
117591
67184
71586
381269
101023
101497
26400
67729
26384
98238
208211
67252
24061
18647
230815
12394
11632
353204
12046
16476
108664
108155
68178
110197
110829
12507
12282
110524
230857
227292
19386
240028
20768
76626
14025
15016
170719
14026
57320
17857
20315
269116
70727
17311
360213
140559
27058
228880
104394
320484
14745
243219
193838
14252
28240
66193
233016
239393
208768
228993
57895
22169
12801
54006
244373
15288
16450
74241
114654
100504375
20612
14489
68628
14183
66480
17765
231805
70155
20655
20249
22778
57914
228607
104263
30785
56430
243983
106821
69221
23986
231642
20170
216742
236792
12015
233912
56395
66841
14191
244144
66503
50724
13047
237761
58246
98170
13498
329877
241296
107746
12892
74734
14056
606736
20775
16801
18557
76233
26932
68350
333605
208606
20843
320873
19876
227325
11758
12802
66818
171207
12569
64075
13116
192160
12010
76899
13685
20200
27403
12703
27029
631990
332579
71988
74204
230235
226090
20587
66148
71750
18080
67917
21939
27096
66629
12606
67399
102193
319955
68481
225896
66663
21335
242109
57773
233532
66191
20448
72787
103988
14388
21817
56312
77065
57230
67138
227738
432555
319887
67495
384783
101437
71448
19734
319965
26943
14595
67379
56320
667214
56508
231841
68877
214597
74580
63985
75788
55932
54525
68038
20198
67701
107701
83410
107734
103694
69171
268470
57896
378702
69790
69004
114643
12044
16502
56376
71985
76789
70807
101966
69638
93697
235542
15481
207165
17064
16009
69878
108086
20392
269999
77090
107817
116871
71843
72046
230603
67382
20683
14127
21766
170439
432467
116914
235459
102436
210148
98496
218203
70422
240168
23874
77480
12745
21399
56496
104215
69568
320225
81535
16549
16453
69632
13427
58240
56520
192976
16348
75627
20182
56717
234839
53334
69955
225998
57808
14394
212627
78912
211739
224938
22327
71607
76863
11928
320916
68833
71306
246103
330166
17758
17685
78283
105835
97287
16859
15216
69707
98415
101502
15530
195040
12865
71767
52033
67630
11819
380686
72692
14359
545389
239667
216080
68487
109264
22334
68874
100039805
69556
66643
17187
13838
21824
14763
67111
72750
70892
13559
109910
57444
68295
625342
76959
14733
69101
217827
67785
319934
52666
207952
68133
22784
664883
20016
94220
54124
22601
68472
69769
66978
14792
78286
100182
76608
56692
22420
54131
12064
56752
97165
16410
140919
12262
14588
51885
103136
65103
109593
14129
64933
11727
12043
240068
259302
100532
79560
381650
70827
98711
12417
67870
227059
243510
77264
269629
12850
433931
66220
232370
50935
19300
67689
22099
74364
263876
384309
80890
234852
268515
26556
12928
24064
50771
11798
228368
14536
11518
171282
70335
107951
20347
22360
56370
244713
22359
56397
13560
59126
12068
226178
70110
66292
69071
27376
16593
93724
81910
93840
72654
12628
56194
20411
230822
238330
105853
72823
52184
244219
328186
69527
16197
381668
107182
654820
268903
14300
66263
320213
269881
668224
100504377
12290
383295
319945
13805
16922
23963
320473
71732
17151
19732
241490
215387
244721
232798
66959
104130
110958
333433
216831
109801
16151
67031
66140
71913
12370
13445
11593
58208
72949
11606
57741
66540
230752
16149
20055
574428
72881
56215
68607
12861
627110
57750
50878
23807
66689
240752
235169
27801
625175
66359
76775
74481
103199
71862
117590
433256
12266
170736
192236
74150
17859
59022
217356
20562
17847
244349
21423
19418
51869
56336
114585
18613
74091
217578
72278
94230
23837
240057
83964
72017
57296
75751
102607
219132
22201
268749
270162
21788
66522
72003
71966
22278
241447
16541
12984
208198
19047
94184
56484
192193
18576
110750
66071
16160
106759
12291
215085
16409
66790
14696
18099
14000
12648
338337
51886
66176
16177
56031
74585
20539
210711
268882
17921
71990
226551
68817
56705
12177
70385
99543
246221
231386
653030
213990
11782
51800
104082
19143
66046
240514
14102
16798
320713
94223
101240
329384
14348
380629
56444
21754
76217
22295
77053
21351
68750
20637
106795
69582
69551
223726
74841
71997
76866
230119
19334
382913
19053
58810
66067
68556
100503120
231931
67590
100604
18676
18145
67842
93686
14068
71949
66171
24136
215160
242362
68566
17263
71264
72567
78891
75234
98221
231413
55934
66237
77569
110460
21780
225358
24115
74140
53612
109676
70218
208967
106522
11847
320982
117150
20832
26413
74257
320492
213053
16329
57748
217218
328801
243937
22289
104886
66865
71728
217882
108652
14221
245684
18717
65111
68011
15463
234076
66367
105298
67902
21429
229512
15365
214498
66446
67203
12877
214063
64296
278507
21826
19215
56480
240843
16865
66616
109115
54670
667794
15569
73242
16449
73178
207596
73635
228005
65246
223843
236573
216136
319195
15502
19130
238024
52013
67187
65945
13618
67241
11941
30925
26913
20818
20650
94186
72999
237336
13849
17436
76816
66047
17101
52712
245404
214639
216792
30930
55984
14057
239273
21859
68995
12608
17121
109161
77805
380967
72333
17129
72238
16416
384061
234311
100504486
67050
106042
269614
234796
74549
71817
109168
16562
26757
72175
77929
67579
237211
15904
232975
99003
66445
210789
69554
330938
70359
17969
23908
103724
66058
233064
93765
110417
20850
241688
16423
75292
243743
216156
66264
227612
100504114
12544
68846
67900
14590
114565
22441
17992
217366
107351
94094
100382
195018
110749
68087
14998
71481
16590
74039
22209
78334
11750
56077
12763
13865
71228
67770
14265
74120
212483
76937
18566
20741
75881
11771
22174
108682
14659
378460
237615
72023
59047
225362
232984
71148
74568
17536
94249
22129
212772
332397
80837
237222
68291
19186
102339
26894
12362
192292
67795
11973
93737
67219
338355
72341
76366
67414
12176
20215
231713
56298
79059
75710
170676
70394
16668
64652
58859
66743
27226
223664
80289
15896
11491
81840
268783
100038522
27061
51799
212862
66053
20222
16870
16835
14319
14793
269389
23992
72549
68981
70646
72168
76947
11481
20416
211666
216856
223970
12449
236193
67454
12489
75465
237500
77777
67695
751556
70640
432940
100113398
14385
218693
16154
229906
232232
233410
320311
76142
14166
27883
69798
17252
14548
67693
73825
381338
53330
64340
50492
20018
319772
12468
226250
381695
229707
66873
228807
68140
73379
76132
74427
211651
54354
67128
16403
68839
67534
72844
13681
19385
268807
18012
13196
225115
67072
381990
16391
72748
74157
14788
93687
93708
121022
67272
105446
22038
69237
654309
102462
19250
664903
19344
320435
50931
66997
106326
56412
18975
73094
26879
234814
109275
69718
72587
102278
320209
71837
78808
73040
21685
232337
24017
72774
12234
67041
233060
21975
107503
76867
229504
94067
235323
68137
100504029
71890
72141
60315
14706
50760
52717
14783
30853
18618
241919
20615
22712
74268
19711
80517
109754
66425
244666
17826
17684
66320
21871
16597
56273
79221
22225
80720
59011
103710
56632
68953
14050
74754
230582
22612
20981
140740
218335
15015
22437
11302
67678
18600
380718
76108
215436
433938
192192
27405
78514
331532
66824
12845
233876
235406
378472
70357
68558
69737
68235
75221
271849
353342
66929
18044
228812
216965
19106
19035
100177
66202
109785
66197
20399
15507
68818
230316
320119
20853
223227
76897
12235
12295
56461
13641
70083
73738
19204
72014
229949
12268
17952
77592
209966
15331
74760
58194
100465
100986
76498
14816
66498
14312
67784
224111
74132
12340
18759
69260
72106
26965
56738
269473
16923
16001
18719
329650
140488
107350
217119
269181
217995
69051
67698
544752
20444
233335
56372
55950
433224
333088
11418
14356
225471
50770
67057
231549
329777
76499
68845
170750
74105
329509
29809
100163
66840
18005
27756
103967
245469
18515
66495
70484
70144
12217
58218
14470
233802
14555
108068
14431
14365
68215
22224
245607
27273
68240
270106
12728
70675
380601
13644
72121
74319
104445
210529
244871
53420
209003
56451
64833
72535
69480
74178
20605
19762
70118
232566
226162
225010
18602
20937
57028
66271
269514
68939
26427
226016
329274
396184
67602
210105
30934
67675
71723
71770
319236
241915
16162
58911
56295
68810
105663
76892
320717
57781
108686
75553
233552
330217
52808
230027
260315
226594
83435
70099
27008
18701
70356
208084
66256
68944
18198
13682
244745
11778
14999
269997
73914
320184
53886
76295
216820
67860
66441
15081
66573
15500
19108
67683
232670
12662
20187
13163
80732
77577
11774
72026
12496
18213
12328
17330
66570
14426
241576
69189
100710
58249
79362
66680
70797
13207
66354
229595
