17133
193740
15511
12475
20308
14579
12702
16600
20296
18019
12977
13730
15368
215418
15370
14812
56193
80859
105171
56332
21930
65221
21825
72500
22695
15936
12406
15200
15894
66961
217166
16477
211770
11601
17135
225872
20541
231991
18008
16176
17131
231070
12273
56722
70686
71198
30878
12609
15937
15945
18018
13614
13654
13653
97165
16175
15901
16190
110075
17872
23886
16475
17691
18712
229599
20302
20306
19252
22057
80981
207596
13024
319818
14400
18030
18263
66395
18626
17079
434215
12217
13836
12267
17873
12290
99929
74137
20893
14828
381823
81489
12795
23849
11838
67972
12293
382253
83397
12051
12062
18750
84004
12955
21664
192167
80910
16508
20303
66895
21847
380921
216795
20675
110862
18793
20743
240672
15213
668303
18787
76376
57875
17869
13610
13198
14811
195434
21346
12306
239719
11735
243743
15273
73010
20229
20525
19734
216161
66673
12524
246154
14282
72333
433940
24063
22393
14388
16149
72097
329641
319468
74178
11520
64176
16531
12394
20305
16519
215821
83490
58220
240913
241263
53859
16476
668453
12443
20682
245684
21983
238317
53324
69065
16905
104445
320472
170770
19073
19303
12226
319554
14007
18213
23882
22352
17210
381310
17754
269060
30937
15165
386750
12322
237979
17698
14102
15117
30951
16181
108105
18578
320111
15507
18792
79362
16478
70530
14283
16007
18548
108071
286940
223775
12064
20474
330914
13176
108655
22051
50497
19205
14367
26422
234839
241727
54485
12192
235036
433938
380928
218194
218501
13537
12606
13132
208151
56289
11990
76737
19419
18549
17285
12774
81703
75552
17119
50768
53883
69068
227737
110784
330319
18791
26938
13838
11941
381990
14017
102595
98711
14726
27428
20191
14825
67951
12193
243910
17112
13655
16598
16520
69660
224671
56437
58208
68867
268902
22339
270049
239857
109676
20293
384009
101685
99526
64450
233011
18442
170753
17000
76965
110876
13388
18826
67484
20273
80888
17755
231633
13609
16601
14402
243725
210274
19288
21803
224997
23859
18858
74732
70549
58994
80290
100532
140904
15505
60505
170638
545156
15939
12925
229791
66540
104681
330814
14972
333050
353310
246228
19243
13841
14544
22411
16362
20503
232201
18754
21414
26878
216831
56706
27279
223697
12013
56338
56710
71994
12579
20353
18613
212996
106021
26557
170757
241589
20680
235283
78889
72472
21857
268301
12227
16323
209456
244310
226255
20356
620695
623279
59009
26896
59036
16536
234353
12705
270110
67252
12522
11519
12983
76459
77446
14708
17756
107182
70839
18109
66293
242425
17886
17064
21926
75750
227541
14397
19401
99382
17933
26875
18034
29810
16193
12984
244418
19697
208647
100416138
77629
224617
237761
15550
382018
320790
13199
319924
12661
19773
12778
320265
78267
245446
16795
230235
213582
114774
18413
244281
27385
16498
15982
329165
22271
66214
20807
13449
18125
72318
20310
20339
26556
12562
194590
12982
50778
67971
232976
268859
109169
11853
238130
263764
67893
75646
80913
12608
74646
17156
243621
56839
12125
331623
26432
21815
50708
66602
101497
19291
210933
27273
16497
347722
17909
380702
434008
13805
76884
330267
170829
53374
20947
18414
13193
21873
70974
219181
330171
19332
93880
330427
20741
18488
19271
21380
12703
72925
71709
77531
18121
24066
27387
105445
320404
27981
14394
194655
14803
217198
171171
11418
223726
52882
83814
110197
26897
63953
26397
20661
54216
245555
238988
224022
104015
20397
18186
21413
20678
18795
170625
18481
330812
20515
68545
230936
22284
22421
240057
12047
216439
14612
58869
19277
94088
17257
69640
98741
12228
11867
12505
97064
19229
20451
12747
21923
330908
11845
328949
14063
50876
20449
223455
12877
16492
270120
67876
13685
230257
23966
17918
667863
105000
20556
53376
233919
72446
229715
216049
11910
216850
217340
229706
56190
11554
231760
104082
233067
216874
19267
21679
226025
246710
13197
268980
56637
241919
225164
12585
224792
12445
665113
69221
27966
238205
23797
57259
29876
14571
98878
27205
74155
16589
50780
110886
19055
13007
14395
51791
321019
71801
12508
70363
224405
16423
22625
12491
68949
243961
234344
73420
15944
72344
229474
240354
14229
242667
20238
13839
239985
320365
68763
103836
20292
320679
269700
109050
18751
29815
19712
219134
219257
66921
14810
211712
494448
19285
232334
140780
114584
12724
330369
22330
226304
15312
14167
240119
268595
18755
23792
11496
15015
279572
319622
544752
20200
23871
235402
245666
227731
242109
100040470
20848
14957
18035
17355
80890
244882
17164
17181
224129
226040
218952
67647
330119
20288
22784
223881
70701
75409
230784
20677
71093
217882
52040
14584
58234
665306
16402
67266
240888
71972
19696
244871
12288
319604
227059
75769
57440
21929
93708
74513
12044
13641
69743
72135
70497
72978
20375
229363
207592
71865
226922
208440
12514
54524
50754
276905
74191
192198
83924
17261
70737
14702
12296
22589
19130
100041286
71878
99167
109934
18191
59079
18016
13712
68617
12669
20750
279653
140630
68939
71770
70611
328643
16145
110891
14799
73998
268890
217344
17702
320100
29875
241447
69903
16579
271127
214855
212632
11504
14528
12552
216848
70155
226751
12826
14169
17977
12571
13483
16891
16156
76820
71302
245683
67295
18799
326618
12558
93674
12727
94249
20349
215512
74596
70604
20887
15931
232431
228432
74998
382056
18514
260315
12768
12350
18647
22782
230837
68235
230577
13650
80885
24088
114893
320924
14760
269774
18003
110962
74747
13840
319876
68828
238161
73121
15572
93889
12053
14281
21425
30928
98415
15902
215654
53978
14131
12805
12660
12449
210146
66680
26564
15900
238330
14682
66234
330450
27056
269952
68904
77771
329003
14406
15562
14365
217480
320024
17309
229055
73390
75599
18844
16854
211286
212518
237400
210027
72993
20983
22145
77097
14623
16490
12323
78808
64085
105853
74396
56543
232906
20616
227580
19211
57138
14260
53310
338352
214137
20668
22038
233315
17758
26410
12512
241520
77521
59014
230316
14407
53618
208768
64209
320506
51786
241113
213819
20492
192657
269275
18566
235439
56386
11637
16400
226413
15205
19698
70892
30938
60406
214804
76448
228785
107817
241062
14469
17957
227545
17125
72585
103806
21859
55983
12675
223604
103551
78926
16878
23921
20439
54003
16391
212706
56747
99571
233280
11911
67498
12168
11535
20016
19664
98970
233871
278097
16768
27984
103466
12418
50769
26401
14154
67896
13078
68404
211945
329178
666967
20269
68666
237847
20979
546482
20312
330192
14011
215748
15284
215690
26877
14680
13175
192656
74343
16764
14674
433809
67886
14254
14725
14728
59033
14268
22215
112407
224697
19056
72685
11977
208177
217692
68729
70625
20254
434204
55935
117149
53881
228550
16646
19876
16438
229900
245537
12952
72290
12156
14348
15528
71963
56644
414093
16449
75914
259302
19212
26562
20969
11552
17101
19266
20724
50790
219148
230738
269717
104418
382639
14257
54396
207565
22066
13039
16404
15223
109880
74143
18024
19726
228355
71602
214931
20510
171210
328258
319636
106522
108083
381338
27049
384569
56376
13014
244668
242083
23964
20672
242785
67399
270162
50723
212483
76499
104027
242721
269610
12363
270163
338354
56876
209966
21897
73094
338362
546071
22323
218820
11980
109624
55946
21817
666794
12725
11801
12495
56708
235086
544963
381066
360013
68801
319984
66355
20563
226691
107371
74375
319263
108116
67419
67525
13385
16979
16542
14763
14455
211949
67703
545622
107528
52897
13170
29809
13346
19766
18011
17847
13131
16980
56807
17913
108934
209773
11842
217578
105844
12123
320609
108168162
22035
27528
15903
67712
54339
20855
12672
230597
104080
353156
16570
12648
233071
211550
15959
102693
224860
380711
16172
230085
94040
80837
243328
384783
108073
226421
67453
69754
53417
15204
246746
68010
14299
268354
74617
13368
74103
23872
26913
232813
24127
170789
23963
268480
19141
215708
18484
18193
236511
217124
277396
18128
70599
77781
57753
50786
105841
14538
74100
20379
68279
73363
26398
67269
12389
223864
241134
76073
109205
22337
18595
50934
27060
214230
100039864
100042150
20840
16071
226518
15234
628438
14401
18027
320271
26433
56501
94253
14313
16177
78408
22715
66213
12814
72961
11539
103098
269037
319719
50766
109241
242443
19250
100043497
69091
50720
67434
211064
21789
93960
26414
70354
66235
55927
67138
212943
21933
74762
20502
228071
114565
56221
70230
76886
16512
414872
215335
329251
12671
12912
23796
214240
75029
57265
271981
13844
216963
12224
66713
399558
58246
70717
53623
268970
242747
17258
68875
239606
75316
16522
13032
75725
66867
93891
16880
11772
239364
230379
246177
54519
319586
54194
69170
56216
14190
72899
212448
107869
20338
18195
11606
212712
106952
80879
212032
66385
107065
13636
243771
26413
21682
66988
80294
66860
238123
229499
17381
14369
16364
67516
11501
243834
270109
19248
30955
66196
74206
66797
11549
434246
30843
13392
217333
109689
227835
11482
108052
432450
667902
320661
83767
13209
19411
50782
56306
76157
241568
58185
78465
268567
73340
30945
320982
73447
331461
53626
67731
241528
94047
54525
72565
22402
67458
102866
217366
12298
209586
140741
18015
17937
28185
320405
100503085
20740
12313
22319
21937
246317
21753
70036
52521
230824
235406
110639
58801
14964
386753
245469
226652
101540
13002
100042651
71323
101401
108705
15257
435145
16543
19725
15361
67976
18607
83921
18293
77113
105450
238276
319807
107723
14468
228775
140500
207212
217069
14451
20619
332110
70675
13713
56533
14362
75234
23936
228576
333605
93890
235380
75770
24050
12564
50884
109042
242409
19058
78748
18302
76156
211255
22156
226359
381199
269033
29817
116914
23969
71461
654820
21813
72144
22601
67016
20564
23943
54670
68420
78088
72759
13821
19736
93695
23965
71371
70417
231821
64406
18439
16658
78779
15552
17768
330863
327766
12006
226610
20972
268451
64580
381413
140579
18033
170833
218518
276952
99696
11778
13424
72615
434484
76582
338370
209760
237860
14025
109349
12565
19225
16801
72792
14245
106763
65945
18039
56013
333433
236899
217371
50781
56490
231147
17294
68024
54200
252870
20660
21763
12260
67533
54725
170768
21894
230249
74252
20259
230815
68795
52372
12827
21961
74012
19679
17684
64292
73728
19264
237988
11899
21887
218232
107975
67468
382423
227613
108153
12890
18073
69553
269643
93878
16835
21809
217011
93882
234728
233744
72821
16450
56517
230775
229007
234686
12662
320772
545260
14816
241494
13046
78283
80902
20185
14675
21366
16001
15248
14370
239743
225010
67974
81907
71713
18377
60613
269788
66799
71279
15510
76594
327978
18573
270192
70584
58233
233805
71927
76179
63913
20745
217980
52463
11796
244421
20742
14062
14345
218639
215494
74488
58182
217893
100502829
94092
14201
381319
212307
93893
667889
53323
27364
192976
20588
17254
109593
27362
67956
71740
193670
319710
16403
621976
20598
93876
68480
15212
78938
94229
18762
71787
242274
59044
67422
240028
74411
18475
71306
242050
17075
66864
432839
56036
108013
104174
20370
18767
76650
22685
12750
240690
13386
15569
234267
18129
21781
24055
100090
20336
18472
15081
81877
76246
239393
232370
12700
75766
68203
244144
228913
320253
108169010
104479
227937
80985
20348
70727
12295
243548
320799
231464
55948
217517
100182
105782
269695
225870
434341
16195
99512
83673
78771
224454
71268
20404
229898
100072
227634
12361
216860
11859
13435
21415
228966
331424
80732
67451
22240
28010
17874
243833
18007
545276
667370
18074
14149
67729
238266
68146
215031
12874
69035
414801
50493
72320
100763
64213
12045
30944
223601
230796
271564
11605
117146
236794
14219
387314
327814
108699
330941
19344
18189
12385
214058
76850
14238
12741
19263
223732
20444
14168
16414
67554
235281
11630
106861
19255
74645
228543
70551
18010
217721
547176
14545
237362
71835
434782
75296
29806
19108
19667
15499
319765
235542
236915
103967
18591
56878
67771
103511
277154
229949
78908
54486
111241
12287
373864
64010
83383
21949
240843
17925
270669
17184
65254
13803
69028
16539
20965
19079
432530
76788
66859
217304
76630
14580
18452
347740
71458
108760
26406
72543
105653
67374
11975
18752
21907
20613
18576
17391
278795
74374
108853
238803
79233
12824
269966
319317
77045
66320
231863
22324
74117
70556
21974
22770
74340
18399
243853
66109
93714
76854
76816
233115
229521
231646
22419
107684
78618
67433
74251
54710
72145
70122
22177
68837
244058
226519
223701
76265
64138
18032
16562
102626
20933
636808
71900
104383
13011
14366
66960
170738
18183
60597
67041
216825
231830
58988
225742
18584
11303
67603
100503185
67979
353342
18145
242894
20604
67367
74901
16485
107767
16521
12995
665622
93879
12593
13017
14411
217944
237625
108954
12569
497097
21826
81004
224093
76972
50709
338346
110596
21402
19222
14756
382252
77574
231834
380930
77980
58521
12772
22019
668212
72902
18028
380614
235339
433586
26466
19217
30954
18012
71564
224079
243274
81006
73991
14127
18040
667872
110805
619313
74309
13496
17863
17260
100042480
214547
13998
268709
218038
21886
56442
20340
76453
320183
239408
70757
269113
214444
226856
17096
13733
17174
54325
75691
15161
80285
24000
17216
84113
668880
14789
233490
29812
665829
109006
20603
18709
74442
320080
381979
11548
66901
17968
16009
225659
100710
213760
80281
16164
320840
74342
243755
76982
73225
237898
22154
213956
224938
100862124
228012
70729
210766
14479
16169
15951
109910
71932
106014
232086
170731
22379
29856
12667
23890
12816
76080
170936
319817
12527
110380
329851
105689
22371
237353
19732
68178
80718
22099
208727
170763
228852
102607
192176
54720
57276
68394
22158
55984
245841
231503
74427
52331
57340
18037
28042
231915
58887
71950
67790
108154
11922
72795
242505
237553
230793
78558
74653
11302
66074
13869
72258
14658
68671
60507
13543
231986
228787
17222
74094
60533
237253
56224
121022
235184
66066
19663
227333
224170
20850
17454
231668
232157
14573
19752
19206
17936
215798
52575
19883
224907
12614
16650
20359
21808
26380
338367
20926
16565
80889
17240
101490
53609
69737
96935
240055
231130
208869
13875
240084
16706
18749
235106
216964
216856
65256
19246
225888
11553
20352
98403
16353
268396
67245
218461
239556
75292
21676
217218
18021
74144
16480
16890
269152
330790
244579
387524
433926
228421
54401
229517
104885
207958
75079
55932
16189
57775
74198
68040
68603
210417
22129
225283
18164
20520
66082
105504
69608
218035
12211
100604
667799
20657
231642
74754
72416
21678
381085
67268
56717
100043424
246293
19417
76809
56737
228662
12653
75124
19272
13447
14594
20409
243510
242384
259300
232016
382936
70925
17920
22235
12476
106205
64660
27047
83997
18511
74264
76142
20289
94332
67382
50791
212398
74270
21420
20964
268420
11863
18555
69727
13052
224111
27281
75580
17217
100038746
74211
242819
216961
78781
13445
218441
12804
52535
78388
219140
68497
101023
12307
76793
93887
214791
67048
56809
12927
78365
72997
14489
56709
23794
233107
237107
240068
226151
234378
56631
235587
102414
67213
68895
65970
227960
66595
56200
213262
16590
71591
23984
227325
100418055
216965
68794
432486
21960
22344
114716
20514
93883
99138
67097
16170
93710
72397
80334
93759
19713
12286
18072
64095
14800
383348
51793
213753
192650
77044
22153
102633151
242022
23924
67834
193385
69710
12651
100048658
107587
72630
19261
52430
19215
192188
69871
228829
23853
54667
100504710
117197
14461
83965
319830
192119
68507
13603
218973
272031
69823
328110
625997
100737
93888
50776
20868
268739
17536
26931
14707
271305
406218
319713
110355
107449
433904
81910
330485
15360
242291
11966
12315
228850
320007
16194
432438
626721
20355
231014
72640
57080
30791
72168
71617
67608
27399
13799
18013
17537
108797
54384
241311
70797
100040724
269585
74734
231207
59026
76932
75590
381410
209018
20851
54188
433485
26390
72535
12523
11745
106628
494504
666311
12822
269424
72055
14677
18150
70699
228491
16502
211228
71584
68267
69642
218121
319909
12421
338523
54722
110796
208439
11981
100504717
74365
338365
79555
13121
89867
114873
69605
16889
14236
76252
13393
330286
667519
67630
319197
271377
111173
104582
382236
15214
19244
19645
58523
238722
14186
215890
207818
192164
19877
18797
14809
72393
54126
67287
193452
93885
21938
83436
16527
18188
242259
217835
622745
78217
68957
269536
19731
268783
114615
75723
234797
14404
214359
13395
12424
100039795
654355
83679
226180
93709
21827
22034
100416143
67941
18590
12759
107702
22763
12294
26554
103199
545554
268566
212892
67279
67263
269336
93886
12879
74194
59091
76707
171486
20168
233246
270624
12419
11828
28105
11835
53412
13846
228413
330474
19049
63872
230895
11747
231329
19294
74775
74195
56431
207777
18704
22628
11556
238377
384440
13560
70314
24012
319184
380912
103534
338366
67150
320557
54561
22437
77128
103012
70423
64602
23970
77106
236294
69638
19720
211323
110829
55942
22718
668754
93723
108079
20708
171504
13356
621156
68897
50758
229731
217030
11429
666982
78754
71711
70359
14536
26569
54189
14706
215210
68799
16591
260409
22253
57916
78246
227800
18163
20195
15525
18483
269233
67702
108123
22661
243362
77864
79043
66681
20910
71653
235582
17919
68094
233724
20698
407821
57810
13876
52118
22248
24136
67952
67857
102334
74370
15465
13506
80912
68832
69178
20562
56335
216892
93712
216197
20384
18816
12815
234366
13852
72775
118453
14595
107589
59090
22042
53611
11907
52428
217698
230126
72948
68910
105559
547253
209645
237459
380969
14744
16822
52837
16792
76742
12801
70310
234967
13728
67776
57765
21390
235044
22439
384059
15957
93716
170677
78455
78506
72480
326623
212073
66432
13823
100561
12173
214084
68842
71132
100978
69981
225326
107581
14672
225724
64051
637913
26419
271278
211187
239796
14618
26412
74525
76901
18440
241514
17927
14429
93884
15162
59025
14813
52679
74196
56248
17274
19085
106585
332937
319157
54135
53420
13492
216363
67333
19346
56463
14912
74383
100503659
17970
14371
20301
13508
69227
233781
69190
627049
18845
211383
23960
26950
17089
64009
105727
80287
53860
12390
100416118
20443
11551
11766
102278
20692
56233
108168053
18777
215476
192663
228880
16504
228836
19387
11931
16561
70574
434778
72033
18099
71791
545207
68552
195209
11783
208043
331392
101214
231655
100416142
100043757
70083
320705
68585
110835
214854
12326
15170
93840
239554
64652
224014
381493
67742
74253
69890
20817
238384
76219
320827
66882
14264
56636
93874
22343
69399
12642
231876
11306
13649
98363
224694
56316
74006
114886
75475
228980
76980
15519
319278
79221
14155
381290
70088
80708
77305
20017
17349
667120
100043726
30840
52589
52004
106248
242521
68299
23821
630146
16728
19367
17130
12819
14739
74388
73699
76566
100653389
68036
319880
77976
14373
60527
20440
67937
230674
20729
224109
434234
68662
105785
26374
67298
209743
224833
68059
320632
226757
69470
21872
20498
109275
100043489
225049
78816
320237
628779
15574
224020
77300
207227
218440
30957
69581
71833
16525
214239
225339
106393
13643
22631
16511
54131
216011
277854
11516
81003
242691
723992
70546
23881
243270
17858
16151
54123
56222
216190
66102
194126
12163
213988
67860
11938
101543
73442
110557
74106
68083
20621
84653
11545
332175
22110
67493
241159
226407
16559
269784
226090
13349
56488
68490
14172
29869
52020
619295
226777
544696
320707
100465
218630
245269
269016
20204
99100
76709
320207
22195
268512
232807
56771
215900
243923
19124
22359
70472
212168
223666
272790
242620
227723
70231
77604
19204
26356
353211
100210
11909
13429
72508
94094
71704
329735
102580
67102
72828
241846
192285
637235
24110
67254
244214
15275
16978
11489
22044
230737
20181
66949
110750
212999
70620
70351
320460
108673
12902
21429
67300
14748
12316
109264
15925
19072
13601
67846
18143
70591
271221
14073
12331
11432
66966
15371
75729
18301
269132
328133
225027
14805
13593
18087
29819
237052
26383
330938
170826
11864
56699
21951
329581
77929
19415
94221
70375
170711
232944
14611
67797
223693
71797
100217461
100316693
13163
12153
212167
13486
68693
13612
16008
237436
66972
11797
22152
118568782
68268
60367
15571
51792
68278
16775
66506
12398
246316
74360
18131
68070
21810
103710
93734
74102
207920
50935
227618
54195
93728
76952
15561
545867
71793
108151
65086
56401
100169
18983
240873
66861
665596
59048
227394
235633
16370
330166
67664
627626
94180
319477
18053
17330
14009
78593
320664
237213
76893
109113
93765
105827
100038374
67059
21928
14767
13666
65255
327987
21898
227933
269881
56447
18950
17035
59308
13822
214932
56726
98682
14083
107527
234875
329777
55991
58249
67272
66717
76454
72749
272381
212980
69568
171170
17129
280411
12453
228026
100041230
28250
53418
68339
16956
58184
170742
12005
71146
382471
12789
229877
327762
66526
72324
11540
26403
27225
81905
22221
216799
67163
13107
235604
75717
15490
442821
17364
11908
12971
67166
319158
217887
209131
70767
19879
277973
193796
22026
93875
213990
19219
56363
70997
68861
17967
13800
59058
216810
11732
320452
53330
74440
100502972
21333
19153
57874
19009
269295
80291
100503199
246696
69257
333088
72475
269180
387181
54366
319642
16529
59043
225055
319387
20344
240185
239833
74419
11991
21665
11409
15220
108101
14787
102639598
52915
19279
23999
22722
70101
100087
20499
231931
380768
66205
100038522
67963
320011
30877
108686
52250
209011
27280
228357
233437
211948
242362
74166
22234
12380
76108
625109
76130
226641
140703
72098
72655
18717
230082
83602
54473
21393
21423
16648
12570
67168
19365
67154
54609
629059
109323
269198
71982
54611
99890
68655
18951
102634324
208898
28028
269941
11891
20230
226139
320878
19340
67667
19044
30805
100418084
100504263
63985
101197
21899
381538
81840
70572
65972
69757
20866
77573
223527
56205
627214
140887
74915
382113
69780
109620
545389
66274
13608
69938
66952
665516
56323
210673
64297
100504586
17865
77805
11820
74570
18976
14013
13371
66559
105440
56790
215999
100042165
12337
16777
227327
17242
246694
20747
108089
234219
56857
66060
242748
433759
268670
12368
227399
73750
75697
68966
668771
17476
320354
242702
194237
26549
19070
94282
73274
233812
16418
52840
232023
13056
192163
112405
108960
140723
217707
72852
29859
319161
212391
18970
192195
226823
50997
67590
16574
78697
100039781
230027
13642
240427
269224
108672
107746
19015
216188
64143
68041
19703
18214
57814
74682
27057
14863
12175
22642
100417559
22710
73827
26936
18441
67302
17237
213573
29877
140810
665176
74737
319211
14165
26920
353237
74316
116838
191578
666585
22063
23836
18479
19357
12941
102058
110911
18106
109246
98402
98267
238555
18530
226419
320213
224092
56752
74330
77994
22342
67220
319885
217864
622976
71673
74493
192187
66569
19012
75180
14620
320709
11924
73095
13830
100177
18175
116873
18400
80906
53318
14738
15194
75739
433221
67384
433702
19041
433256
78251
70144
26946
69524
56526
70099
66362
192190
76933
109108
108156
12507
76484
104940697
19132
54343
99237
219228
14247
244059
100038752
54672
74202
320916
216166
22318
20190
22724
18806
73834
319183
67958
72047
223272
73713
269878
17318
69587
668894
12794
13819
50779
115489689
319182
14561
116837
100417983
210135
74020
16653
229663
20975
319188
272589
210801
231510
232798
381373
19276
666938
56228
72007
13400
74127
73288
76895
55989
74438
628444
72141
545490
12305
56742
18139
69126
20732
54161
71176
15551
56444
229279
67569
12032
211586
20276
21354
12283
72567
16568
227693
22061
56532
217951
15116
18710
218476
791282
219151
12752
54613
70393
67848
104859
57314
12023
18933
105246506
12314
70238
212898
68477
12068
229722
69207
18557
433956
207806
217826
330260
93694
235041
234624
80752
26399
116972
21399
66950
78257
320487
72429
228961
11487
329065
234852
57339
74025
100986
22360
52846
16816
108167430
68294
94280
67619
56219
269604
73162
15467
71795
18738
382867
100217454
12417
11784
74246
65112
15530
76257
230959
16399
239096
218294
107513
59031
56458
18432
15531
71001
15485
319216
99681
98710
52028
18451
235627
74648
385674
14368
76969
192157
208968
100043840
235293
107607
232664
20916
268935
384710
66141
12262
68347
244237
212541
110920
269356
20744
320492
15926
93697
192193
245578
115485862
666737
11352
12616
235907
209541
433466
72832
98170
54353
54004
110446
16975
