11910
20750
12306
17133
13730
23882
22139
21825
193740
18414
15511
12702
15507
80859
23886
215418
105171
108105
20296
22695
27279
15936
12475
12062
12406
69660
14579
17873
22352
14281
15370
13610
12925
97165
16402
18008
15894
56708
12389
15945
231991
232345
16854
17872
20308
22271
18263
68794
18030
211770
71602
56332
12609
69068
12505
21857
20302
16477
18018
56193
16149
12977
66395
12585
66961
14726
21346
20305
17691
12051
12267
21810
53881
11601
14282
384009
15937
16190
12443
18712
13654
11826
20303
217333
17698
19285
21930
18787
20293
12394
67498
12273
80888
29876
12125
14275
218501
18792
100532
259300
15200
16475
98878
19288
14400
99929
29810
20969
12228
14173
56722
59079
225872
21937
18213
21664
17112
319622
100416138
20848
14388
16691
12491
17355
17349
20200
192657
19712
76737
14828
71198
60505
67951
14469
98711
15368
80885
219257
67971
223697
240690
21983
17000
97064
13836
14062
15959
101497
386750
71994
12955
18424
13449
14803
76965
102626
18019
243912
29875
50497
67647
20306
12224
67876
80981
16177
15944
109620
27984
19205
319818
207596
217344
58801
71690
20288
17131
16490
21859
70717
50778
231760
14594
16543
117149
58185
117167
50708
66673
13197
11304
65221
19773
60533
74155
209195
54485
68867
268354
13198
93695
16362
74442
67703
18793
216161
74559
29806
217166
66859
77446
19073
12816
68813
666967
16891
667370
229595
80910
109052
78754
217304
14011
232156
55932
15213
12047
21816
320265
228775
219148
22337
18034
21414
22330
76448
229898
56847
12705
69640
74732
20471
11867
81489
320404
24063
72333
109169
14955
73121
16952
55983
547253
235587
16181
320790
229900
12293
319765
21873
240913
13685
15957
22038
353310
319776
21676
53374
235415
15465
18626
104445
210933
12524
259172
54325
72446
12514
228576
20474
21847
320924
16193
104681
18024
192167
21929
232431
242384
102644
20339
23872
224022
320487
245537
21803
15015
17294
26397
56644
628438
216874
66988
14017
70358
246154
67776
21789
217480
12983
140780
105841
21817
20682
14728
53859
21679
71323
74646
216795
16007
100504234
434215
13636
17381
668303
545622
50780
79362
20613
215494
22402
16414
212943
103511
268301
11605
108052
19725
20375
66895
15234
16668
230837
69170
241324
434782
16156
15505
21928
75723
56857
100038882
105785
19303
18791
30794
241113
268902
14102
328949
71862
11801
20195
19734
320354
30937
17164
11501
17210
16878
64138
226421
56501
18750
17869
12156
15900
16145
15528
78267
18828
20499
15982
75750
218194
14745
81879
245446
27205
75409
68178
20397
64450
12521
78781
19697
12550
234839
230738
18439
11695
16600
219228
211286
76073
260315
66102
12774
235283
56878
13653
195434
321019
12579
22057
241727
70530
243771
12044
12571
329977
58223
18413
83490
18302
54519
14345
13869
14972
71865
54216
23794
18799
67664
170829
108705
270120
102595
75600
71709
213436
665113
54672
56289
75646
70423
242721
229731
30878
51791
15312
64176
26360
54396
381990
12226
338367
320772
16175
105827
329942
70686
64292
18442
13032
14584
15117
432530
16819
110075
217721
235041
19332
21897
382639
17127
12013
244864
320007
12363
330427
13713
230257
13078
20562
114584
20675
26878
109042
319876
233919
109241
210417
319909
22051
66681
20678
17135
13846
21815
72565
19664
80287
107527
238130
14675
243725
66540
12737
22784
67484
21425
58234
21826
12508
224671
20379
18074
84004
228662
14612
224405
226922
14468
319554
14395
12606
66864
56839
13132
23966
16170
20732
12476
22625
83397
30935
70574
76594
20356
268755
18613
12593
110333
27276
20556
22045
12390
21415
140579
93708
56437
211712
667863
83924
246710
246133
20708
23970
12768
19766
12984
12952
228432
67266
53412
240843
243834
279572
269033
11630
17064
11911
17156
11838
22419
11747
14190
18488
15248
17171
14154
53376
93880
100041286
232157
14739
22390
17101
217578
231668
102278
18858
234353
432450
15901
16979
93893
329941
215798
105348
16492
18606
208151
494448
330814
269952
242109
94047
16172
268980
207686
14397
11520
19092
326618
74178
73095
73284
24000
17119
19696
239719
268890
229474
12290
99526
16195
74427
14756
14763
22044
74103
72500
20514
16529
17079
224020
353123
68480
93887
21813
20344
26388
22685
229599
11488
17968
56363
78257
380924
20347
14169
208177
20855
12523
23849
68763
71738
22350
667889
71801
70497
20310
12288
27362
12512
18121
244183
14191
16768
320799
67516
18021
232685
19271
16012
14825
22673
12192
243853
18186
12575
13024
18795
18214
236511
621976
13039
12642
19124
17075
72821
76453
241568
326623
100910
12332
13508
12380
78088
654820
19128
94040
53321
109624
233280
14367
110876
11504
109676
213819
93891
83673
70729
68545
12562
212073
373864
207212
12350
243499
100043726
67111
20496
140904
19222
18578
545156
21961
11908
22295
11637
224997
235320
58175
100039864
12527
74202
240119
74012
626721
52040
208777
194655
57814
20204
16449
15273
16706
72655
17242
320159
12837
13805
78771
100418084
16008
94223
12552
54366
227960
11496
74144
11853
81910
414801
68875
22026
66066
667902
52009
16669
545192
245049
68279
192198
70599
14573
67426
14538
93882
15530
104816
16391
26897
67252
245527
217069
20893
12565
23796
74617
214855
67896
29815
231863
237979
16478
12217
330222
12703
18783
18441
72145
246228
231070
72097
380768
100042480
14229
100502829
54123
210801
14812
67419
56710
68428
21682
238803
215708
26938
320365
17216
211482
231830
18548
243911
246177
64406
111241
20971
112407
99382
384042
11990
72297
93884
236915
68420
546482
14063
12385
19108
226255
207806
73914
73130
107702
67731
58182
545260
19659
320492
15204
18566
16531
69221
50799
100862072
14007
20229
227800
104174
217517
93885
218100
16423
226691
24110
66425
243743
57875
21960
16905
320873
16353
20355
105722
320840
108167848
56338
19672
16497
17130
192650
240057
226040
21824
68800
18549
11977
666048
14183
235439
22145
50932
382252
63953
17886
245424
121022
233315
213469
16502
320253
56876
26410
320078
80290
15562
21949
320472
208869
12322
215335
78388
17864
20191
102103
14426
81840
243362
16508
66867
15257
245684
383348
14811
67457
233805
74340
11305
26896
68949
286940
238123
22035
68801
22589
216622
78408
76080
101540
71839
93960
230577
16176
81703
20680
381353
56221
241263
12042
230815
26422
93728
74480
80294
83675
21938
107182
76117
101685
208164
93876
240239
13839
11418
27273
22437
71721
12173
353342
67775
224109
14348
19250
245468
229706
73998
57444
18208
212996
330267
14127
74653
53860
15223
52331
20947
22433
72925
17909
80285
94352
19726
242409
233067
18491
231655
16601
11796
57276
16404
93878
71934
333605
93713
216799
20660
208890
66214
56376
24088
78896
13176
12738
238257
15361
223701
70230
20541
244416
238161
239857
320452
330319
209584
73338
218624
58233
11519
210162
193838
17389
109050
68526
12445
233011
20668
382018
12061
170638
115488064
68795
228880
170625
78217
19079
12305
12721
242050
77113
19267
19667
26432
66141
55948
76479
269878
269695
225164
210673
17933
73569
67941
17919
72144
64085
72416
76281
53883
56695
12834
19255
268396
30791
17701
118449
338354
72046
246081
64008
13346
18584
110648
240185
236294
12727
227545
11778
219132
219181
22323
208647
243621
20292
93723
12193
71968
382253
109689
104082
16803
107371
268480
544696
67608
240055
22381
53623
276952
74102
240068
18844
170753
433221
214547
100182
18053
230316
74840
66293
622976
50723
20404
19415
16590
93711
14009
208372
14465
54524
69047
21753
218820
225326
381066
73910
114615
71972
269060
223455
56706
668179
259302
78892
13386
319468
19264
16364
67972
66748
14560
68713
73010
11941
78889
93716
241732
14404
14455
13014
20657
23845
241489
331461
93961
22601
104015
20743
18033
20852
70604
24066
72318
70591
217378
14385
20269
114774
18755
232370
14451
385674
54611
320609
77106
20440
434234
66082
668212
98415
50791
320615
17257
229791
74270
56490
229776
11899
330474
23963
66213
65970
242474
16589
215512
72792
230235
242747
18007
11745
105445
57339
56013
268281
13537
15550
667034
228355
13838
212032
320183
170757
14366
227333
16535
19249
226075
18293
18193
100201
17254
170763
228913
80879
70829
107869
270109
226519
269116
235036
14201
12064
14595
214804
239985
319710
268977
50706
22253
24001
72135
17970
17754
71296
214137
192976
626359
20683
74645
22029
14268
100689
71973
100416132
320974
269774
102502
21926
50501
269023
56306
244310
12449
13614
104110
76566
268970
17309
230696
234624
330788
57764
215890
329251
71268
74343
319604
20563
194952
269700
236573
12669
68267
210274
26433
12904
217124
12891
66355
20311
58246
104859
64010
224170
20661
18754
269401
270110
11810
192156
13424
75914
71963
15951
75599
217733
20449
74143
246738
433632
279653
57440
23965
227737
18640
74411
52463
244668
244871
330369
170936
17750
58998
16519
18576
15081
382064
207592
19229
22646
330812
14167
21894
66690
11735
75725
319387
192119
14461
14957
12495
56517
77531
68070
636808
78749
105689
21923
20273
12608
381582
14708
104099
76376
330119
53867
77994
54646
244058
18126
107528
14794
105000
381085
12778
210808
16438
237553
234889
77980
110911
71371
213988
78309
381319
209837
268566
215748
16795
13131
26875
329165
71474
231580
214084
245683
224129
54343
29817
50997
226041
74309
14809
84112
216439
93875
80837
12835
102633151
13356
50758
20510
77018
20840
75029
14545
382056
384309
20850
23859
21413
214854
16852
69329
16581
12304
16948
22284
269336
70571
16536
667872
71302
68497
234875
214058
14042
434008
74419
68010
11732
18015
50790
109889
245269
15214
546071
23936
320271
70802
58859
16975
18484
100416118
17874
76816
12289
242667
12826
380921
100040470
11835
18191
241520
78808
100415914
67832
383563
19876
171210
628779
18377
64095
232201
17847
73094
240427
225998
18647
56191
215445
22319
66234
50754
70417
63873
225870
116838
108760
13380
550619
319675
93694
223272
70967
230857
72668
69754
60406
13007
652925
19252
320707
12296
12675
665775
74206
30877
72899
19141
12822
59012
229320
215821
18189
13609
66526
104401
100503868
18573
70354
11433
22770
108699
22724
94217
109934
19367
12560
20912
26390
67844
70549
13601
329003
212518
100653389
21743
67533
101214
623279
272790
14120
241589
320473
217893
544752
54725
227693
213582
20317
215654
104027
110596
330122
75552
15510
16784
12316
216578
68268
75292
16498
217845
243833
57080
56544
11694
230796
319263
18417
240672
22153
242687
270049
14537
70757
23964
11515
243548
14961
13809
14586
672511
270624
103466
26401
171166
214931
83965
109349
234366
319807
72997
217944
106877
327766
347740
667458
382807
216810
17913
269604
380928
19200
110524
13837
52118
328977
110082
56807
71093
245945
59126
19365
14368
72535
51793
69553
76415
93674
11980
72290
17918
11907
26563
246317
70155
102637865
74998
434047
94088
229363
13830
17285
110784
110350
23831
20525
106952
268451
213053
269717
18797
230895
211945
241447
73430
224617
16981
94229
218232
319197
77781
15560
14807
20447
60597
17125
242083
667519
333050
244882
56543
16476
237860
20451
72554
20745
56771
227835
71713
18751
13199
233328
241688
114128
107581
77318
74574
239099
12045
68507
14187
382793
16521
16430
107817
211550
13435
17385
54006
320679
654355
213498
15161
94222
13841
76220
20377
75137
17035
74370
19248
21872
17152
240064
434246
74568
237782
108071
74166
434341
235527
242259
107607
229715
360013
320634
245631
216151
233210
