15936
15370
22695
11910
17133
14579
16007
16476
56332
12702
30878
13653
12977
21825
12475
231991
13654
56193
80859
16477
21930
70686
15368
15937
17872
20302
12267
15200
27279
23882
20303
18792
11838
65221
12609
16600
215418
17691
21664
193740
81489
23849
67972
13838
15511
20682
11504
18263
71198
23886
57875
18712
105171
63953
13024
19252
240672
102595
12062
15505
432530
12227
12293
16598
18791
18787
19303
15901
66961
20743
14401
53883
18750
12608
67951
14728
12226
17873
22057
12322
11520
12192
14812
16485
20680
18793
225872
233919
12705
17079
66602
80981
14281
16478
100532
214855
22145
110876
20229
20296
11941
19734
17135
230316
224997
14828
12552
110962
218630
56722
14455
192167
12273
241263
83397
20947
19876
434215
19271
26938
226922
13176
227731
72333
227541
16508
30928
20308
13193
17210
231070
11922
16402
270049
29810
16601
228662
21346
77629
13839
19288
320472
13388
56289
68867
14400
13198
16878
382253
12013
246154
11911
18019
11990
24063
11859
216161
230235
16519
620695
243743
319818
20675
68794
245537
18213
15903
109676
13844
26422
14007
260315
212996
347722
15507
15945
13836
14451
20503
226421
67603
170768
18030
71839
57814
12661
17355
268890
109169
104082
215748
269060
243910
108105
16373
14402
321019
17131
20306
20807
12156
17869
241589
71865
18018
76737
97165
170829
20661
18754
18186
53859
66395
80913
14282
20379
78267
16502
12491
23797
22154
64292
330319
218194
20525
12445
68010
212943
18423
211770
76884
77531
497097
219181
56839
12671
11924
229791
14395
330267
22330
17309
320661
26896
233067
20893
54710
109241
15273
69640
23859
79362
57440
170753
66895
58233
16498
380702
54485
16175
268902
70230
16475
12394
76965
18008
65255
433926
110862
58994
22770
20616
13730
14571
170757
64176
50884
56013
381310
330192
17156
72565
52118
213783
17684
26557
434008
12585
238161
110886
268709
56706
20541
58234
19055
17886
667863
54003
70354
99929
241727
14825
69221
50876
14760
56710
67876
72097
22026
14254
18751
11535
15900
13610
12313
223697
26878
330908
50778
21983
13650
241520
242425
14154
12747
319604
16423
14803
78088
12805
319924
270110
227723
14362
19773
11519
225164
12193
234353
76448
50497
232201
347740
12606
207806
227613
14763
17909
12524
110075
22067
50769
19291
22337
23792
22153
18795
76376
66673
224671
14406
240913
26397
17918
18626
80888
67484
14682
208151
98415
16589
269952
18549
231830
68801
433022
20660
72500
15248
109620
74646
20269
67742
207212
103836
16561
21815
12406
330814
109934
80290
17755
216874
98878
20338
67516
22359
67266
15569
19419
223455
16181
238988
72135
17257
19229
81703
19661
27387
665829
219257
78908
16190
237761
233280
74645
544752
22051
52882
17258
17756
16531
319468
329165
21929
217303
15205
14807
414872
12326
269717
245684
70549
140904
104445
217124
17702
27984
320365
269700
140780
21413
242083
386750
16490
14708
17754
83924
51786
58208
14373
56637
140630
353310
19332
320265
18191
20979
83490
224617
99167
269152
23936
210933
98741
74762
68729
232334
100042651
240843
16449
13537
12125
14394
218501
13197
78889
232174
53374
15213
241568
75552
28185
18647
24000
18413
16975
235402
76820
225028
195434
77097
22352
17758
320609
72472
16891
71690
70530
17968
114774
11601
270120
320924
19697
57442
30937
18007
18016
66234
260409
226255
22038
545156
268980
59289
18121
14102
243725
216795
207592
19056
21803
70701
13199
21873
52004
16520
72821
74137
72655
15939
22284
268859
20745
11899
29815
330427
18012
245666
12741
17933
18844
83814
14811
71770
58801
16579
13869
74143
217340
16980
72145
12579
14283
20185
14365
14017
58250
26413
240427
50787
66681
64209
12444
268567
12669
56386
636808
13424
243937
17125
68904
19712
20510
320100
241556
238130
108071
11539
99382
213582
19277
12727
623279
59009
101497
18826
68875
67269
217578
320825
22152
110891
78771
60507
107587
76457
12419
263764
192650
18035
59026
74343
71306
67252
68949
94088
54216
74155
68603
13175
667902
226025
212518
78748
237553
26398
667889
72685
170677
11735
70574
68497
68763
64085
19130
108686
69170
217166
21789
414801
68861
100039864
29856
26562
320506
15204
17254
727711
14367
338365
380711
232906
240057
105445
74144
218518
12029
170638
94253
211712
380928
72290
109349
13483
105841
20741
17285
320007
19205
320679
14789
22339
16795
11732
12890
12298
67399
22215
11605
66921
18003
73998
22589
207565
16574
11980
52589
20340
14957
268354
240119
216439
103551
69743
94249
15528
244281
12228
231329
13641
16362
237898
11551
12564
109689
18472
100416118
233781
11966
23966
219134
268970
27056
75769
227800
13209
65114
68070
80890
52463
56543
56876
13170
11515
20273
12725
68671
20356
23984
56221
70122
16565
93715
108699
24088
71713
12294
56437
110784
78521
12982
353342
56490
217333
229363
66235
236915
210146
20312
56216
18099
68480
192119
14219
236794
17698
20397
110911
107528
15481
320508
69660
217517
102626
240028
208647
70974
56717
26410
13435
239719
13841
22661
654355
66540
215654
14397
111173
216131
24136
23965
50754
17064
320799
238276
18024
17119
115488064
20848
20678
108168162
18442
226751
100039795
227059
276952
83673
16323
320404
56533
18015
12814
15499
19732
22421
217198
12703
72961
666794
18034
17217
74747
239985
28010
105000
229715
271127
68585
14623
12642
231861
14229
18414
353237
20451
16170
12217
319554
269695
271981
72318
72978
21990
224938
11496
235283
76132
18159
21926
13821
11964
71900
75599
72925
81907
18189
27060
66580
101214
13655
192198
67971
269643
18125
237353
320027
76499
75409
237847
269774
230738
69399
224022
77994
81006
59044
20200
12874
241528
18607
237860
12558
16529
20238
15519
14370
77590
54339
18193
93880
77045
73390
230257
330914
226304
83767
27273
73750
14149
207596
15931
69903
16979
494448
384569
72828
18578
381338
218639
216622
72514
13046
56190
11842
16956
665596
19211
98711
67035
218038
242291
22129
71994
73094
67664
74206
64580
194590
80912
70604
215789
20449
381813
69573
634386
242443
67703
329251
104015
12323
17957
238123
240873
19243
245555
20305
338370
74012
19058
77980
67041
259302
226040
320707
27428
216831
18195
74178
19696
16492
246317
12562
210027
78408
329777
215708
279653
319710
320772
67295
24050
57138
72416
18293
65945
14388
20677
103098
57775
100418025
12306
210274
94040
213819
56501
228071
13803
100653389
81004
14739
241062
320024
14325
19679
16504
17970
16149
66960
17919
19204
238317
69065
192657
208869
233805
213753
17847
228852
20964
11418
14680
107371
26913
72993
232370
22190
668212
11853
209018
232086
57259
209456
108760
270192
68268
272381
626721
93717
20855
21366
53310
15572
69749
53623
74998
71787
330369
104027
19079
338352
108116
72997
12168
93878
333050
67419
26877
19725
56807
56380
73010
208439
217463
72535
216760
241134
268301
140492
270162
17977
216848
215494
330286
12064
66713
18799
22158
12290
50791
242409
66196
192163
67300
29812
14799
64602
233332
23969
54401
70591
217480
66861
69470
73192
70497
80885
76816
15312
319156
19365
331392
67974
110197
216850
242667
75029
11778
621306
66385
140579
71927
13385
64450
77574
105827
50780
100763
667519
12211
13518
270163
381823
77113
268451
15531
14702
16570
382018
50709
76156
11772
16510
106585
16193
71279
12815
230959
80985
19073
108083
71878
236511
20742
76594
67952
20740
14972
320237
75914
22234
93890
93961
232714
217882
71147
76707
103466
21974
74411
18028
64406
320111
76487
243853
218236
319984
54720
20168
16764
57390
73234
101685
69581
241113
19267
22042
242474
16835
22151
20972
219148
213988
235281
12315
77781
338346
54343
12514
20439
20619
111241
76809
105689
666031
56857
12801
18858
226610
432486
72046
66214
12051
16438
30944
17857
14816
67893
14810
112407
11352
230895
50766
67097
228355
329641
277396
21950
21808
320790
17925
20444
271564
114893
667872
235380
13002
20310
18767
223601
12795
17261
219228
54525
19726
71591
170770
76459
108073
208727
54384
73523
16364
215821
54189
210417
15894
214931
209966
72585
16404
19089
107767
17164
217893
192195
18440
19418
19775
240354
109108
19266
24066
228850
100416138
241514
319807
68203
68842
101966
246316
226518
211383
238377
56752
208440
15550
235036
72043
72446
140741
72144
50720
59033
12952
21834
64009
105653
53609
65254
227618
17174
