15936
22695
16600
15370
21825
56332
12702
83397
11504
20296
23882
20303
15368
12217
21930
16007
18263
16477
17691
57875
215418
13654
81489
12226
23849
17133
56193
70686
15901
193740
210274
75599
231991
74206
207596
15511
17131
242667
15937
237761
17754
58234
16485
235402
106763
20302
12977
207592
72097
227723
16175
20743
272381
16476
22393
15519
18030
19679
20947
15505
20359
17872
15273
381310
19271
58208
18213
80859
241727
19734
73340
216439
217124
22057
22154
16601
243961
18826
63953
17064
224671
432530
102595
15528
319818
14809
11838
330814
11302
269881
207212
77097
231070
17135
64292
380921
13024
269060
59009
245666
240444
105171
18011
80981
16498
433221
14154
11535
214931
231861
18750
15903
21664
11515
18844
170638
58994
56706
209966
268595
73728
224129
23886
11553
11520
225872
110197
75552
227613
13655
434008
18164
66540
321019
12267
15510
223666
18712
16502
218194
71722
628438
207393
56013
56213
234353
54371
20741
217882
73010
30052
276952
70530
19073
20541
16706
17119
226040
330319
18013
65221
241919
68875
53883
320661
81907
14810
11519
22151
320916
380711
13656
20306
67951
70549
12322
319984
268709
330914
18709
217340
347722
665829
12570
73047
208727
73710
230775
494448
216963
12747
12795
13854
18483
17261
16504
80890
67742
16520
224997
12794
57265
20893
17079
12406
26913
54485
56722
242425
76454
13199
11601
215821
330369
14811
210146
67445
228662
170753
72145
57340
12616
78339
100042651
227333
17156
14812
101685
432763
98170
14708
13844
100503085
240354
20238
20660
227541
12013
18190
234378
11911
216169
237353
243529
233805
12193
16536
171171
71198
329251
278795
103466
16362
229791
15945
18754
13051
629378
382056
15166
22152
230959
17756
237625
20229
320472
72978
14299
104175
18003
12562
110891
26562
240888
108655
53761
12290
76980
192198
103236
14229
382018
329934
104418
384569
240672
15200
208151
67784
107448
16525
15894
666869
195434
243621
216622
12424
14367
77980
13821
231633
55984
15898
727711
30951
380785
78889
78938
110876
17918
16449
15204
277432
67149
20680
16835
638252
18792
243743
12522
238130
107746
13614
54525
14579
14184
14455
237847
208439
109689
78748
94040
65255
117146
56747
14672
12192
226359
24088
57138
228550
269700
19696
216848
383348
192650
381353
212996
213990
14457
64176
14733
546071
239719
22153
16512
15531
14451
270110
50768
104582
621306
53418
234797
56876
20444
18991
12273
223701
233071
666904
381813
230796
210573
58250
22761
13385
330812
99929
18413
15481
11990
24063
382034
269037
210673
17755
269788
210027
381199
381979
67603
140904
235044
13537
68861
233067
81905
83814
170768
243548
16403
72898
78088
13836
23966
11842
192119
319477
219181
18125
17309
243328
15213
26432
269878
11539
69635
26557
20273
65945
109934
13435
111173
26397
231821
241263
13197
56224
20562
22145
73420
15982
68070
12569
16565
19280
106014
20608
214230
109676
100416118
13388
333050
108760
72565
17188
14281
66673
74194
19731
68339
20564
268445
14007
259302
20964
192157
69601
217893
11352
227731
57814
22031
224813
242409
100503659
104015
72585
18751
52897
193796
17257
269643
75409
74762
17869
235380
18717
13653
54616
286940
74772
16975
80749
360013
232944
12669
12286
330863
18008
140500
12890
223732
232906
72055
12750
110911
77134
101214
240057
11941
16364
14828
229055
51800
239556
268451
382253
26390
380928
108168162
245537
103534
23871
225875
67972
22339
216856
11772
68666
224454
110355
57440
12874
27385
269608
320365
20602
218518
72961
52915
26936
14402
74137
232813
226518
228852
74645
16598
14397
269113
64652
83436
108660
66932
56289
67035
55935
243834
100039795
244281
216825
29867
56323
72301
328110
71865
68010
228836
108116
72655
16848
72290
18793
74440
13728
71704
11861
229706
319924
15904
52662
330286
67886
18762
241324
223726
381338
269033
65079
109169
22146
70230
12323
110962
76884
50758
217692
17210
545276
260409
76969
21859
17391
76787
241589
11550
269642
217837
54006
19273
50787
17933
140723
19099
18032
20266
108071
434215
329641
14805
223739
215476
666508
23936
18566
269717
15275
56216
12315
239985
11803
14595
20682
231876
19773
66830
19332
69539
17122
19416
245446
23859
66854
64296
98878
260315
17684
68837
76376
23805
12814
19419
74241
16500
22359
207565
66196
20312
22284
233210
27801
237403
59036
71228
269295
11771
240055
27387
69195
20449
218236
18787
21933
97165
15270
74155
58801
140780
237979
21781
245469
104885
76900
353237
232227
20740
14760
26938
225724
230868
386750
67102
110012
231863
13401
12721
20619
14726
50849
14687
11418
16570
59043
77113
20418
16589
434047
18212
110532
71770
26422
102058
15902
241556
68510
13424
380702
105653
18016
93708
98267
100040500
54720
71713
77771
263764
666794
14825
68235
19261
12475
217218
69202
217219
319586
226413
20972
20965
16542
235184
26896
72946
14296
217342
218441
19248
71279
654355
73447
20681
20474
12394
12326
16531
328232
22628
216874
56710
21366
622976
13609
225392
170711
17285
97387
21981
21815
11790
227634
23969
19267
17207
108911
67800
215494
27273
12609
269233
22271
20340
20661
140492
110862
242083
225164
27399
218952
68267
245683
233208
216831
106947
100532
667863
19252
78908
19049
16522
59044
19726
109095
56839
75770
74410
18791
330119
320027
20515
22143
19018
226751
27279
13429
30955
12295
67703
140579
16581
12029
435965
24000
66895
235283
78779
11981
231670
15161
23984
20370
170757
93888
98970
64144
11735
50778
668212
105689
17237
21429
16519
75607
406218
18555
12293
14670
15205
20855
83924
68992
12819
16190
17758
21413
238317
192167
53310
407821
668158
18034
100910
54126
78408
211770
246198
26559
17425
18423
18195
72828
15507
21907
114873
414872
100653389
544963
11606
13393
104445
216438
70729
211383
70611
14761
75687
14623
12288
208869
104027
12671
20520
73062
13838
231659
71764
211660
96935
20779
13840
13803
94249
16549
319468
20269
192657
14221
14254
20926
17920
108083
80913
637913
545474
70363
211488
12140
76594
12123
98432
207806
16538
100040471
433926
106021
16400
22142
74901
270192
228355
233919
67399
50754
15562
100040470
108148
223227
76574
192193
54473
217125
23945
208440
78784
12156
71177
67095
56543
14680
208968
50497
109205
13046
433586
51938
16490
19204
15165
545156
12337
14219
16181
330790
13641
21833
269695
16508
30957
50932
108052
67168
12778
19291
19229
23948
227298
11545
407831
231580
215445
23965
328365
320007
23963
66860
100213
269774
245684
19275
239796
83490
74442
64213
19303
23821
74270
216810
20516
319197
71146
668880
12350
77994
224647
121021
381126
104082
100043840
80289
212943
19712
18607
54003
497097
19283
330427
13796
553127
20970
64294
75956
13864
11778
53870
77521
66921
18440
108100
216860
18087
66234
57816
268510
59308
260297
69399
241770
72046
16764
23797
105445
237615
72792
17925
93686
21789
269713
216131
107528
57028
52882
94332
13002
50492
432879
72754
75914
270109
209131
223626
66498
21763
16176
66681
75316
18193
70661
71584
14086
67434
434428
20293
237782
17035
142682
333605
320982
12984
240843
235604
60597
83797
69952
106205
238377
18121
320924
71137
18626
218461
11785
20675
13176
14728
57740
244310
19009
20379
50913
71591
104886
76709
80909
94047
20606
70737
70294
240028
22384
108105
68842
20667
50935
14400
212937
54216
26556
226823
225027
69068
56807
16980
215335
103836
233871
545554
102954
170737
216892
11305
381990
19277
66158
227059
12051
75646
73218
16438
12585
214855
59033
68920
107182
235320
230738
71340
71885
58198
19730
30877
59026
53859
232201
67533
108013
19877
100043546
212167
27362
268567
19876
16795
14357
72309
72685
98711
78618
69116
93697
14282
209239
50876
67484
237898
93679
78248
17977
217344
238161
226778
83398
13007
76308
14799
18613
100416143
12227
50914
229715
50996
12552
207683
68449
22241
225028
67393
217371
16149
245877
69581
15571
211429
18117
93759
381085
78808
98415
83767
237860
19055
216049
244216
381270
18549
16561
230082
73032
20525
117592
381983
72289
70350
12941
114716
20310
58996
19016
56637
224792
21390
81840
242773
13048
192195
76156
100177
58869
69091
100534274
245643
15460
21928
21923
97064
20807
16323
112405
76788
80976
100042266
12228
23934
667034
627626
11429
70381
54201
191578
233489
66972
18223
65254
12010
16979
12062
226844
212391
545622
19377
72075
114679
18573
232947
69136
237253
75209
69170
24056
21926
12724
76630
228880
319974
665839
193452
244871
104401
239606
50997
240514
68703
231549
668994
11479
224617
93760
100041240
69372
50794
107831
230824
215690
73130
66355
18015
67078
14365
16978
21769
103425
230085
329178
432450
57778
319604
13032
78267
235584
24050
56541
21753
72948
77087
100072
13831
269952
20339
97761
20665
19365
70430
14421
17222
18183
53897
21983
28010
269610
13025
83669
100041286
18858
12491
20788
209683
22217
58244
11605
67374
386655
20411
170750
18029
217866
227399
110596
387609
77034
15502
218440
268890
208606
207686
14182
380684
319211
17217
17101
628779
217304
67384
68497
56191
242274
235431
229517
16001
68801
14555
83679
29810
66647
215707
268480
94214
70974
22240
242050
14313
70472
11928
192196
74427
58185
107939
231238
69737
239393
74342
56707
13829
17702
109136
102334
68507
381644
66743
13016
22421
227937
108097
60406
11977
67092
19124
235036
74309
214854
20556
211064
626534
109349
19222
192164
208890
11651
109077
228775
14803
68404
245555
319748
109050
100416142
13483
17886
244911
13643
213988
12524
18012
54631
21808
436090
245049
70757
320717
69683
57259
230895
268980
69207
67458
12287
22411
52150
74374
22190
107065
170729
66680
20607
76220
71093
22715
30937
13638
194388
12642
171180
244058
14755
71767
224022
229007
78781
76551
236511
19108
319554
217378
56857
57810
217166
16423
66102
21679
20742
110886
17540
13198
58220
20678
71901
74585
238123
72102
18301
209456
106878
67859
56036
23964
59092
64011
22612
14366
66406
243362
18933
12675
20616
12759
232440
16768
76448
347740
234725
11745
110147
13138
13191
52551
233902
26569
69640
12727
23854
72580
67295
94092
76898
20671
230654
226610
57442
19134
80297
16497
667889
53896
68904
320632
58233
14788
77853
245860
217578
244152
13508
234695
268354
20384
170625
12558
230674
226922
399566
227693
22026
15931
21685
110173
26394
21353
20338
66988
100628593
77045
226255
67760
58242
17847
268970
546482
72543
69440
26410
140559
18739
11863
238276
216795
74570
56221
621446
80837
268301
18481
381668
59058
623279
170791
319481
27225
245038
29859
74360
14586
667872
22763
243819
110075
213582
18749
93687
22784
18442
72393
99512
272359
14102
66082
93700
12296
13356
13132
211255
71583
13733
13371
20451
29815
14362
338365
73225
56219
106585
71801
81630
12042
240168
21873
19255
326618
54409
67664
105000
214240
83673
26414
217082
12125
56717
80732
15444
104252
12955
12507
215654
214547
112407
327978
269529
70261
12211
109880
51791
100042165
246103
18950
20184
225888
241113
194590
18807
30878
18970
223435
18766
11732
723992
22402
71839
100503842
20185
246710
27209
18595
83674
69470
217980
226594
70088
67647
243853
56320
66259
99167
76932
15360
194231
74778
20286
100502829
21385
67252
73998
243300
50934
630146
11816
51786
238205
20397
226691
77604
74732
83768
12933
74256
13837
74189
70604
230577
216858
268721
70435
19276
223649
230316
18191
11820
58800
18007
102193
56517
54710
216558
237436
269252
11864
12313
72873
11776
231866
277396
20255
13603
11980
224650
270120
223881
666704
14168
54394
227960
27056
381580
67893
13557
101401
105450
50781
22782
16467
56636
22129
270058
19699
225341
107094
21938
66890
239743
20481
67451
54366
209586
227120
270624
18951
218038
104479
54446
50884
74734
227800
66412
56462
208198
26897
384440
11966
26385
11552
231214
112406
56030
66625
18451
320119
66125
12648
17193
16170
16156
241134
11784
71772
69217
13039
100418138
109006
105348
80288
64009
214063
12181
214469
56709
11350
17112
16475
243725
21844
338351
19387
622570
70354
66602
211548
16801
383640
50766
278097
11994
225339
14571
72472
219228
243274
18752
387314
73251
432442
239528
407823
69101
105827
208768
232334
18074
269536
11844
83997
170829
71970
23836
14043
65019
432486
57276
216961
70727
105841
20502
68087
59024
271127
231125
270049
15212
56376
64085
232370
69035
56501
17454
70997
14369
228359
329165
20167
77531
27410
68094
216965
17988
216157
244810
106068
11518
67846
19247
329910
56336
230967
15550
217154
50868
76965
233781
16569
241528
58246
115488064
22038
68949
319317
326623
66875
72475
77781
237943
268903
75292
15950
56273
19225
80902
225468
210933
19211
228913
432731
69632
14544
14149
17973
14105
22067
403187
229599
20191
107975
17174
15117
84095
230872
70497
245269
243910
240058
17319
245631
17974
56699
208898
12297
76820
54644
229521
330474
75029
225160
210801
319880
54194
226641
14682
235633
433776
231605
74048
74525
213783
223455
235439
66917
230673
15234
67876
233733
319909
67712
77669
66897
75729
12495
17969
67422
63913
224860
332397
319876
208666
22319
217366
238988
268932
65970
30953
268859
17181
14155
26570
99334
381066
12168
72993
20907
667902
27979
67219
17762
68799
21333
212518
18641
270163
11595
72560
68027
20460
19766
19417
28185
65100
69094
243867
219249
20202
66873
80888
218476
14789
94088
18145
80985
269424
66245
223918
381823
13131
56490
241520
12173
66168
12512
14958
106861
12175
20975
79044
56338
234686
13124
18647
217827
73102
241062
16574
13447
74143
11938
107723
67888
170731
20588
228432
19771
240873
19326
13730
18018
229949
353234
16492
433940
16407
17978
56371
18186
245841
56527
71833
14339
20751
15384
12971
67605
75426
629059
246102
22215
18441
20887
669301
13121
21665
12768
269831
269854
78521
230162
231915
107587
52118
72144
18107
18574
224024
100040724
17864
105440
18612
230991
240427
232989
67848
16709
18993
22700
11717
218820
319998
20778
74103
243937
74264
269397
67684
19259
13664
66089
17760
241118
384401
52850
11975
232816
74144
12387
22337
16880
26908
227624
68188
22225
69178
67843
320100
20563
216161
67797
13841
232879
193670
22640
100763
433904
213498
22404
13732
12300
319885
67426
21885
53599
237868
320506
100038725
74370
209692
100090
16164
231760
107368
76179
13713
238252
243272
268390
210172
94353
225742
74318
17921
105835
77519
16819
237459
74383
67337
76707
338352
26413
100317
84004
52040
218543
77590
16650
71962
381921
15194
53324
20355
18024
223722
208292
73910
21810
68846
23988
212999
17286
52829
245596
215748
330230
320127
75141
74330
217734
22022
69893
329872
71918
11886
66922
77371
75580
93701
20979
12064
328643
66394
217365
229499
73094
320563
230837
50769
97086
140630
56386
17283
22221
217305
18719
74123
57808
11764
11496
64450
279572
320707
16656
14360
231646
56177
75590
327958
30944
11797
30841
70892
17129
380977
100855
210162
77805
224132
12390
102580
12725
12490
106894
114774
12508
74741
269152
57753
56384
29805
14191
225659
72729
627049
76080
71302
11853
20750
226151
328133
18755
24087
12044
380912
13175
14797
269629
544752
216190
18209
106931
55989
67388
399548
208715
606496
69769
52463
68539
396184
665513
269615
228858
16582
53378
72184
67547
67392
14020
242022
434423
550619
56463
13618
72727
76850
67896
21847
102502
276846
330267
70312
71994
210376
101540
79201
69780
382014
24066
14025
55936
217410
17075
22051
72205
17913
20492
18604
11637
13629
68278
74022
13839
106369
72258
17873
319807
74558
73390
68295
93891
18949
244416
93890
13389
237553
225283
19085
239364
21886
17858
665562
93716
14073
233877
71707
432438
217944
668245
235135
66293
12301
72739
216154
74617
13017
192216
217207
214552
100534383
22110
19264
26395
16443
20713
74229
226757
93710
71617
14816
106248
11603
66213
20182
209760
216156
93880
225908
230737
77629
56078
71943
110784
17698
245607
192656
620760
74025
74204
56457
320404
72397
78108
235623
72590
232969
50875
100042100
234852
116871
11898
242259
54200
26399
67269
20349
66271
71323
14559
320878
353342
67804
52906
21411
67630
269180
268902
59049
243911
74191
102634580
71990
73442
12823
75613
72454
100039864
208643
26408
13712
244219
52846
68146
226525
14236
20016
20442
71235
17000
105559
73192
72320
14174
70571
20621
14359
74443
328162
320817
272589
70231
76132
68545
73046
22654
14763
27428
15565
231672
101631
66277
668668
100417431
231279
18972
67285
330695
621976
330166
12514
50720
100504002
67974
224020
71435
213452
102857
66559
234776
212307
26875
231713
225870
68763
103012
24136
210741
72344
14807
54367
230235
108934
21960
232086
13615
209753
654820
54667
269116
50527
791411
230935
100042856
70802
18439
320213
76089
213436
243372
208846
16918
70383
17919
271377
58200
212111
70240
52575
76484
114255
233315
56409
12659
20586
217031
227618
11538
110052
13804
387217
68943
22661
16971
13631
435684
69547
23924
56205
51792
12653
214669
30853
69553
59289
56399
72033
58235
11444
22401
104184
217303
246694
14062
71069
68795
54646
233905
73122
15081
320209
244713
170760
67998
330171
19243
170460
76130
23881
19242
67568
71268
71701
241764
13209
235461
14401
24057
71810
673582
233863
380614
66384
20402
233744
13628
16419
108686
225288
