15511
193740
14219
19252
12609
381823
12475
15368
18792
13655
16477
12226
19734
225872
66961
71198
16598
20296
81489
240672
14812
329641
15507
20750
12977
12064
17691
56332
20303
11601
15937
30878
15205
16601
12562
15901
17684
74137
320661
15903
54485
57875
12747
77097
110075
13836
18213
13132
17135
18018
14451
57814
83397
12193
56722
13656
16600
208727
20680
170753
67972
17131
53324
216795
19303
432530
382253
13051
12322
18793
63953
20541
56289
320472
330914
13838
224671
380702
102595
19073
75552
243743
225724
72097
21366
18263
108105
11519
23882
20743
15200
216892
105171
270110
12955
12156
231070
215418
20660
15505
12267
20306
12014
192198
81703
239719
71704
50768
78088
270049
54710
22393
229791
20741
17133
67951
21930
12406
26397
68339
215821
16476
59009
17754
106021
75409
14455
15273
64176
16190
381310
13730
330812
234353
18751
16485
65221
68010
13614
74645
14811
14369
73010
19271
21413
14229
56338
216161
21825
23849
83490
110876
80859
233919
434215
17112
106763
11535
14362
67742
13388
18595
64292
16502
13199
108655
268595
20947
16520
23886
331424
15208
11990
18750
219181
208151
240888
238130
59289
12795
20525
26896
227723
243548
12217
622976
12029
21824
207592
243910
214230
22031
20273
227541
16519
14619
268301
14007
68404
21664
19267
24066
18109
22359
20481
21809
97165
12290
17869
13609
333050
12227
319818
12671
71801
67434
239606
16498
71839
18787
98741
11515
56706
14400
67603
14397
14457
23871
240427
110862
14708
72290
330814
13537
13641
15165
30951
12293
81907
347722
56839
381413
53883
270120
78908
71306
17119
24063
18423
72500
497097
18754
228662
26422
18530
22057
15528
74411
263764
16175
73420
18826
69581
110784
72828
71137
15510
14154
20515
210274
386750
13024
321019
380921
58220
380711
19009
83924
14803
218194
70661
380928
26556
72472
19735
212996
58994
433938
18413
14825
320111
108097
83814
17918
66673
72978
26557
98685
78408
17156
18791
207393
11352
245446
239985
108071
15902
74762
23797
13176
19419
19049
71093
15982
17756
15481
18030
240354
71713
654355
243937
434008
17755
19876
78889
58208
78938
237860
72145
20855
76376
11520
232201
207212
72565
66921
13007
16449
17977
23859
15213
21844
16589
666869
15519
12273
67784
237761
114873
140904
20308
14402
226751
80890
269060
623279
20675
50754
66860
215748
74206
12445
58869
27362
242409
381126
67886
382018
15959
67399
432731
353237
170638
238205
231801
544963
223227
14828
26559
192119
238161
16402
23984
727711
269717
69065
12669
110911
54525
16880
217882
235086
224997
50778
243725
245666
12142
100653389
54616
103466
225870
83486
16531
227333
80913
18011
15531
68794
20349
242083
70230
20254
59033
21873
268709
83921
76965
241263
12661
98970
20661
67893
235283
58234
232906
18858
20449
433221
21781
621306
18440
69068
56876
66647
233744
56224
12211
67956
50934
13844
268902
16508
67647
19055
192167
18008
16373
16536
14401
260315
12449
638252
17261
278795
70686
238988
72333
12890
75599
20516
13840
94040
18212
101685
105689
78808
329251
105445
240057
218236
58250
12925
17079
215654
70363
225027
214931
68235
226691
232431
78748
17454
70355
271127
269037
18013
20442
268890
66196
319604
110886
50876
59036
243834
22067
14388
211770
75029
99167
109676
269774
227937
227737
108083
68655
21859
230316
20269
140741
12053
170757
17257
666904
223881
241919
11606
20608
11551
22253
26938
105559
104015
23794
259302
54216
20893
269233
433904
217692
109934
13046
319197
18125
18548
57259
17873
19712
16181
100177
76459
76630
11783
109689
17758
16561
231549
53601
330319
20527
213582
241589
19416
16323
230235
414872
20312
73247
67252
27273
208439
73447
13435
100039795
104027
16891
21346
210146
241134
17847
20338
16438
17173
93710
108760
12306
212167
19263
73998
667370
77629
50780
13803
11552
16468
494448
20191
215476
19731
60507
217124
52118
269643
245684
269700
11482
94092
93683
12774
67295
68867
56699
17925
93893
100041286
21808
17391
14799
235036
223739
104681
64009
227613
170770
218476
170756
16795
16478
240028
17913
243621
226040
629147
241727
666508
241062
21926
12326
234378
14573
232086
319876
237615
75914
115488064
19206
225164
114584
98878
105827
16400
18016
193385
80290
75750
17858
24000
78267
226922
56710
665829
78779
12443
17872
109169
15248
209760
70549
77976
545156
98415
53859
22421
207596
245555
19225
110197
229055
109136
21983
70729
170625
26401
16835
241520
98267
54003
12558
19773
77531
14155
17933
433940
67266
237253
383348
384569
329165
21803
71770
22352
234725
15204
78781
80981
216439
18301
330908
77994
67664
338352
12192
224617
18712
80888
56637
64450
235380
22038
22051
104418
382056
23936
241514
100532
20501
240873
72429
75710
238803
14682
24050
17309
224129
16948
433926
101214
20379
320506
268451
216831
58185
246313
12874
66602
12296
225028
27981
14238
26410
14284
76448
11539
14299
211945
11842
212919
71878
13876
228357
226255
16764
65255
20510
20302
20474
18021
64085
14395
12013
320027
18844
53978
107065
100416118
19229
319885
243911
67458
59044
269252
108116
668453
79233
233871
16522
18484
237847
14102
23792
68278
22772
104156
57440
17122
57265
231580
20229
231633
20975
20238
16193
16542
226518
50769
22217
69091
231876
239528
11735
71764
17920
93686
50758
18195
17909
98432
16176
12522
73340
330119
27279
109006
668994
69718
628438
207565
12705
319719
19248
12323
217340
14370
66395
218820
229599
11941
320404
637913
216825
242425
245537
105841
170768
70892
100503085
52662
22284
27385
30928
72144
15562
73728
20539
76884
224860
338366
66949
70974
54720
69642
72289
216848
22145
18755
235402
11911
209456
13642
23963
17210
213783
94249
13197
20848
14063
93697
68842
17973
69635
12725
71591
224454
18613
244310
238377
227634
107746
195434
246154
209966
76156
12608
56543
71436
108911
330267
65970
98711
12288
108100
277396
210933
68497
110891
18012
279653
20807
246710
16980
245683
208440
13424
29856
212391
104082
30937
330286
104445
268970
330790
240843
20492
18227
100038591
381338
14816
14544
74513
12508
320116
240913
94245
230379
269536
19204
12819
666031
57276
192164
14680
100042651
69562
52428
192650
12313
20185
107094
76551
319909
230837
106628
18557
223726
211286
14842
99031
18607
237436
16504
229706
18145
13830
228543
13869
13821
56213
12667
68875
58233
20502
403202
216963
230577
233781
21929
11553
75691
56807
12606
23966
12491
70604
76260
72318
26562
51786
17181
240055
56437
70699
107371
26897
230085
12569
50884
18799
11966
12805
286940
212943
94229
93759
56193
66895
276952
237943
12514
72729
232813
54131
17067
59026
19291
17217
74155
21817
217980
193670
360013
668880
53310
226641
23821
66875
13002
93687
22271
55935
381990
22695
102637730
636808
104252
110596
74427
226421
66988
207740
22129
20972
27387
209131
11595
84095
217304
16362
241113
66922
16149
70354
13610
233733
242667
218630
16001
12971
216131
107723
76850
67971
56747
246048
98403
12062
21753
27226
76709
66277
67102
97064
17216
18762
72301
235320
68166
229715
18121
245526
235439
330427
50720
252870
544752
269788
194590
20564
100040500
320707
217166
320365
140780
80732
56221
15161
116701
243274
68837
114774
98363
52882
22240
100090
100040471
105000
21815
20451
18007
69399
71584
105348
240168
234797
20665
237988
140500
27056
57138
330171
110835
79362
70155
26398
239393
72961
268354
70727
20503
22589
100201
20397
56490
20340
14763
210417
239650
11554
545276
77018
12552
192157
11931
240690
56216
26913
110557
269033
387609
214854
18073
106759
193796
18186
22323
320982
93708
28185
111173
13488
627049
14725
77087
238317
268859
21385
93874
20965
329178
50766
74734
20444
69601
330369
12801
217578
70435
211064
14760
20887
226144
72685
21923
230959
66681
23853
20375
11856
228852
27399
15936
17237
74596
20416
12768
18555
319984
58198
108148
230895
72792
228355
319880
12721
76820
231863
13521
219134
21933
105653
74525
16979
18191
14149
22341
215512
20681
56709
69737
75292
11418
12315
18549
194237
667889
22339
74747
241447
56030
224273
70530
229521
13385
216622
22691
18193
74143
67337
110532
228550
12825
50708
78749
83679
12675
14168
20847
142682
11655
12616
12727
20740
55984
170750
20293
14571
246198
107528
230233
414801
20678
320271
19211
209018
14373
14810
387208
83674
56036
67168
67453
11899
18015
13193
319554
329727
14407
18414
76788
73729
50787
29815
668212
100302731
83767
215494
243362
81910
547176
270162
12759
269113
224022
328110
241568
22154
22628
269952
26413
14672
54371
19108
12724
224647
22044
244579
67374
14972
16565
16403
16423
242259
101488
260409
71972
231821
76707
67498
18039
51791
15931
22763
105785
13393
19087
245643
192195
69470
69116
68617
170829
18573
19261
99003
12565
100503659
26432
68666
16570
74737
108857
245631
225010
56323
13198
69640
21429
17957
20598
14184
17698
18024
54394
77113
215384
380912
434047
320664
11772
20620
12703
19679
12778
54126
620760
80289
115487380
52150
217344
74025
75209
245841
228775
100038725
67608
19332
216049
215690
83768
19016
69257
18806
223455
216965
239743
208968
216835
16525
21907
12424
11496
12287
68729
100040462
66234
213498
66315
270624
232210
67554
12123
242274
216874
242474
100042165
81879
22153
18933
19417
246694
243961
320213
107895
22402
12651
242523
381813
328329
330192
16009
27428
319211
108934
270192
16332
83436
56190
14726
217480
16956
105440
71722
11302
19667
12444
56386
22612
110695
18647
12700
22026
67731
70757
18612
74340
100504710
14728
338365
66869
330409
100039864
382639
230597
100039441
71865
99138
320100
269702
83797
70381
12512
628779
67095
12483
240283
20742
20677
84004
68949
218952
13839
64580
347740
109880
18514
328232
26385
279572
73991
217378
56533
19877
14394
52897
13654
17174
268469
67020
237898
66124
232976
269209
29810
382051
100303731
140630
16534
17222
14961
12295
20926
74178
269152
100036568
16569
15900
16599
224792
13483
110083
207227
67134
100855
19411
100198
100072
108168162
217303
16529
11732
104582
73158
66854
12794
226180
27225
13605
107368
215708
72041
20404
68671
73229
68763
93891
15939
242022
66830
12304
21682
21763
229517
269642
244281
52502
66901
109077
65945
15015
226304
22388
29876
69035
16656
140579
320924
13368
71833
237459
19277
22317
17202
15081
195018
269608
77371
216856
24088
13653
13175
269610
12006
67771
218518
76980
432450
26390
66514
76282
26356
67367
192656
215627
114716
115489598
73390
53626
211488
217365
20418
72135
22151
243905
233067
319586
16975
330863
66597
546482
20745
67393
78586
76487
20606
19377
106585
18481
12350
225742
11964
225160
16173
56644
13371
245469
338346
100418138
21826
230857
12814
20184
13638
67269
381199
320354
14025
11477
81702
76055
74342
15220
13837
238384
380614
192657
19288
76132
546071
50794
100534274
70574
269604
67493
12457
12168
77573
320722
237353
100043497
237782
14365
72258
76089
238276
72554
226025
269695
18019
77045
67637
328133
319924
19766
246788
209586
18566
93875
217218
20616
72033
103236
15194
232227
15370
100503147
550619
93840
74901
12702
236915
73094
74360
70802
77781
29859
320679
414093
101490
18442
57340
71435
11864
18682
17064
17285
60599
23969
27878
69632
11863
230775
214137
77980
319387
26414
233020
18293
22190
14012
436230
68070
13831
235599
72635
56219
233115
102058
28010
18795
331461
270163
