22139
11910
11838
20308
16007
15936
12702
22695
225872
20750
193740
17873
12475
66961
15511
14811
69065
18030
12609
23882
20303
13653
16476
15368
434215
14812
17691
53859
17133
16190
20541
18213
17872
18626
16891
74178
67971
15937
19734
215418
16905
243743
98878
16485
216795
12977
12062
83397
71198
56332
65221
319818
80981
14275
12267
64176
16477
16402
11504
216161
69660
80859
320472
211770
11601
18019
12273
12585
108105
105171
18792
14400
232156
23966
20969
386750
12795
11520
15370
227737
11911
17131
18750
16598
18712
192167
20302
14579
380928
16478
21847
67484
19252
68794
53978
20305
74646
67972
58220
73010
433938
15894
59036
14825
12955
270049
246133
217166
70839
240913
224997
244310
56193
21346
12672
18008
79362
14007
12288
231991
17135
545156
21825
19401
384009
20893
14219
16508
229599
56722
16600
18414
27984
320111
99929
227541
210027
217333
229791
208151
12290
12608
81703
29876
13641
269060
75750
21930
13024
13198
268301
381990
76376
230784
56221
20293
27279
56839
18754
16498
13685
234353
21416
14402
21937
70686
50780
56190
243621
18858
58208
21664
15562
219181
241263
237625
18793
18121
14011
12443
50778
75552
12705
19288
14726
20449
170753
12125
100532
14388
13836
20525
16176
12394
13838
223881
228775
17125
245446
17079
66214
192650
78267
433940
67876
54519
319776
230235
18578
21803
14367
13730
16519
106628
320265
108071
231830
319468
270110
75409
72097
74191
668453
29810
654355
12514
235283
14017
241919
214137
72500
104445
497097
330171
226922
105445
16353
11605
18595
78618
20675
77531
230936
227731
70574
74137
12418
12013
22411
64009
16531
13371
14184
22271
13537
15944
67951
24063
226040
12669
353310
57814
54710
20273
13841
13839
12445
56708
17869
276905
19697
64209
12217
71602
18548
13197
69170
17755
20743
268709
15959
22042
12156
268755
16149
245684
100039864
228662
13610
170638
74480
237761
231070
11845
246081
76448
20848
17119
209195
20492
21983
211064
21815
18787
233011
20306
12051
67266
140780
57875
268890
259172
223697
30937
192976
68939
232976
70625
231760
11853
22038
26878
236790
19725
22057
20352
66293
16706
194590
224022
226421
329941
13007
12226
21873
320100
15550
100040591
12306
240028
19271
24055
18606
74732
58994
59009
58869
110876
382253
269774
100041286
16181
56644
72344
21810
15945
16536
16504
14102
74155
71721
55983
13449
20292
12505
78926
75599
110862
71878
230316
57810
13078
20887
67525
194655
23797
15165
21926
23872
16795
22625
83490
286940
50720
71713
15208
56289
17000
20661
246154
23984
240672
107589
23849
72318
240725
103012
64138
18109
63953
73121
80890
14397
12508
211586
99382
53374
100503085
241727
18053
224617
17210
80290
66395
12398
13193
19773
19141
78771
66355
102595
225164
12350
106021
381823
246228
14800
77629
19229
18018
17886
229474
278507
320253
78938
104015
217578
216850
12606
20613
320661
57339
30938
53883
21425
18034
623279
380921
330192
16589
12952
12552
15213
66673
214804
620695
12700
14469
74206
76737
320354
21841
225028
52040
17254
328949
52882
667118
383348
238123
15901
240888
270120
80913
224671
27387
330998
269952
80910
72290
12045
217304
238988
18195
18484
13655
28250
54003
15200
14728
16854
215821
24088
232431
384783
230815
22145
75646
12449
14229
107371
14623
214855
105841
192657
68420
668303
23792
64213
330908
140579
67295
13132
50497
667370
98741
69743
353123
74004
219134
12296
12047
545260
21857
394435
12293
17156
50708
243725
68800
20379
244418
81910
18799
66042
77113
18263
233805
15507
330267
26397
12737
239985
223775
21789
72961
12661
233280
12524
268980
207227
11859
320924
70354
73390
50768
14828
23886
20682
53623
114774
17164
17101
16522
19303
320271
22589
19294
78808
263764
17768
12053
100504710
218440
244668
23936
68617
18035
30951
14154
18164
14131
17701
207212
229055
18647
64085
268859
20556
80885
114584
22390
238317
226413
55927
216874
235380
20439
21816
26410
14803
81489
112407
236915
16475
66859
108155
56876
12774
20397
209456
57440
211187
11735
26896
22433
232201
238384
12565
12522
18845
20474
73095
14972
107182
18613
29815
17263
104681
21413
231915
503610
76982
67893
238205
17381
22190
20429
59090
11515
66921
11867
225998
20451
234366
15900
269275
72655
20515
240354
330812
27428
381410
12044
93880
73569
103466
68867
69504
57259
16878
97165
100604
20016
56847
60505
12703
11990
238130
26564
207596
211550
666794
21929
245555
192119
18511
22352
12228
66680
68655
103710
98711
15361
234839
224170
20375
236511
353169
54720
14345
227327
22421
241520
230379
58234
16980
72429
12193
13603
16480
94040
215512
78408
18442
111241
11519
105827
18481
279653
12671
331623
72472
16492
207806
106522
70829
72145
14281
225631
14806
320506
20672
71760
494448
100043497
17216
83767
108097
20807
208768
382571
105000
27280
51791
12406
210162
83814
64292
211323
544752
76594
13199
13609
19365
12512
26422
14573
319263
18573
100043757
228550
81905
76850
98415
241324
71323
19726
242050
14283
17355
13057
212168
19876
338352
80752
546071
108954
14739
67419
19246
18191
52521
70737
11747
170770
269717
16880
64406
21753
118445
140492
246317
11535
212518
66864
70497
12805
94092
232334
80879
66602
241066
24127
74762
219228
241589
68040
230577
68278
18640
83924
104082
58246
13636
72289
69640
56338
330119
243910
268970
238377
20564
27273
140630
67554
12323
53860
67533
21887
19291
76965
14682
12192
71435
67637
56706
386753
103554
83436
16768
93708
27385
19285
22330
52009
13131
239857
22138
213819
93890
103098
11489
20745
193670
381310
56213
14325
71096
16792
320404
19766
78246
245424
14763
69068
75234
22419
22284
215748
67860
20288
634386
223455
16175
21682
74143
20229
68428
17919
237553
13869
18016
54725
233733
72446
102502
666967
22066
14571
70083
56543
208292
12738
24087
76566
382018
63872
224020
13388
77590
73750
19267
17977
94249
242785
16979
228543
50876
414872
215494
269633
320790
70757
11826
110639
18024
12260
64602
70604
56501
77106
17847
230738
12927
67493
101685
12579
232313
69260
327814
68763
212880
20563
53896
23890
73340
68267
269513
22359
231510
16975
170625
56631
99167
239719
269424
104418
107817
217944
74342
72041
17222
17294
109050
68603
237847
19016
11554
22156
52535
259302
245537
18301
56454
71770
15117
93887
14584
68828
70351
353237
29875
97884
20353
69221
77976
19055
21960
64143
67006
73998
75029
12562
226751
241794
12289
74144
22782
240057
78088
101497
211228
70640
71900
67628
212632
16418
18007
100416076
382252
74427
329165
26433
21817
12224
234309
19264
17918
58801
233107
70729
17758
319940
621976
13983
52004
100041076
207911
13654
545276
16591
71375
18032
84004
19205
19015
252870
80281
76157
104252
100090
235036
53881
381319
279572
18755
93960
69903
54485
209584
233871
16848
109676
320365
224109
74251
242083
19243
107587
22067
67016
107723
637913
78754
14149
329910
56222
26380
23921
140904
347740
12725
114615
28185
100417431
110596
20657
624863
21859
12419
75691
15273
213783
333605
17937
272589
13046
320707
18013
75717
235907
76650
108673
68795
15898
114873
327766
75723
94217
21897
23794
319317
15015
74020
11545
77018
59014
55946
68268
99696
20965
19219
20338
20345
107065
26398
102633151
11842
15360
70717
243912
269336
20680
11964
27966
245683
218518
20528
70556
20933
16529
68241
16391
19879
216345
14254
14609
51786
68545
74375
22215
72893
218476
14678
217843
226896
70925
74385
338354
56517
12558
18193
213582
13614
210933
408068
217692
50791
20358
20349
243911
50884
20660
13803
15569
216197
19275
54670
319554
195434
12211
105689
72535
240068
230824
22337
14964
212032
240283
66681
243274
14594
217124
19696
54396
74053
20947
20503
58185
51793
619327
74729
13039
230257
20677
53376
16423
15205
545622
19073
11606
14544
26466
16490
17756
224694
195209
67886
73668
212996
544963
19079
67956
29856
17957
224405
70155
77929
56747
229363
192195
230837
12294
15465
12768
12874
74340
78217
259300
19714
68010
15484
319675
67252
65112
50709
26875
241062
109305
228966
68497
20269
27362
81018
243574
227618
72978
102866
110886
19367
20191
22026
76073
665113
17684
269615
14407
11898
30955
72333
75600
106585
22417
15129
108686
77044
54325
16177
100642166
71529
21826
244579
14675
26356
14611
235320
71690
17181
93759
17909
81879
16796
378466
332175
16590
53330
241113
627214
71709
435145
320799
74998
22177
21415
18844
17698
207592
269113
11352
271377
108096
30928
83673
15204
74194
20616
19332
71839
212569
74645
76080
233919
79233
574403
101488143
270163
329003
72135
268480
109264
14760
18162
66713
93882
17540
242274
380728
241159
107701
215476
227059
50932
320982
212281
56637
382236
19419
14268
56812
71803
106393
382639
330427
14451
20355
100416138
228829
93674
15939
93878
12741
73610
212943
13170
12827
321000
71740
16362
68910
268396
71923
16527
14708
192198
260409
19217
319481
241514
269608
332937
16400
70802
18791
18413
170757
319670
105844
22323
218501
227800
66235
68875
232798
15560
227333
30945
110279
240064
242109
433586
81006
208638
211949
319984
74411
77781
13666
235599
13030
67230
12727
30794
666938
29809
17258
140887
241494
17925
70377
319765
235184
18440
58223
434008
208043
12804
71865
102103
18576
675566
14615
70727
13014
102414
67333
18984
12822
77552
93883
12925
72171
622552
60613
235402
235439
16803
223527
545207
17913
16145
70363
23831
94180
14660
68235
67097
12571
55932
216622
237253
635702
20502
211286
75914
16156
20510
216965
68897
381813
16561
16193
109241
234023
17309
26949
102626
29806
14169
13392
109113
242747
17152
60406
432508
12491
17874
114886
100342
14605
20192
27364
18607
108167848
93723
24050
230793
381510
72685
228432
74747
11784
225283
218639
319266
56363
399558
230895
228787
15312
112415
71101
12326
373864
18044
13837
12023
238555
19713
74488
15505
14073
329540
20442
14766
17349
225888
108655
13488
233812
21809
234344
74198
71458
76884
26557
16404
14406
26413
16763
18302
20724
218215
14702
67647
67664
140489
98970
381413
21366
12890
12575
72993
72416
14536
98363
22153
20356
71862
636808
68337
16172
75761
29817
329782
268281
403175
26938
100504263
68842
381511
67453
73284
66988
67896
226652
74388
382793
626721
54120
71461
17354
170760
56878
21453
244281
20296
17285
13845
66196
19255
109169
385658
12447
12363
22293
73442
30944
68364
320977
67622
76792
115489598
73338
66320
239393
73225
97064
226169
94229
20204
232714
216853
320487
231147
56395
93888
277743
319604
102635315
29813
235300
74563
319197
22051
243983
102637617
17921
98403
22763
241134
217265
67120
72144
218038
320940
12826
72925
18027
74012
12168
76933
13875
78896
666113
70701
212706
11980
19899
65971
244144
380969
108705
20017
77980
211948
50766
109246
11966
15214
56437
70134
72508
385336
381066
72140
16601
20085
434204
14545
73699
209966
333050
278097
73430
330814
242443
209357
11864
58182
208647
19340
81004
14417
229709
19049
69329
319625
75973
67269
100040671
26414
241447
74122
93710
14813
72828
236794
14067
11754
70974
107586
11548
243906
77036
65973
94282
93893
67480
100042150
320213
109880
414093
52609
66071
217344
78751
21892
93714
329777
216825
100861615
13176
217069
326618
19655
14472
69606
66895
432467
18189
70799
17257
67399
217340
67220
218236
210417
100503142
55989
217715
19411
110109
24136
434246
71877
100036568
73094
218699
244871
238726
209378
237400
70423
208228
628870
15572
17936
22253
12287
246691
18566
71268
74205
20339
12006
100503400
14957
108168162
244962
207375
100038847
15248
217887
231986
22746
241769
101056159
21781
100039795
15478
234836
223693
12759
215335
68801
11552
13483
22044
18011
108116
100862124
68552
23959
217198
170829
217463
100561
100043914
69638
67245
217038
67384
71787
15234
70503
68404
218820
19225
238330
71207
15257
75296
22718
21928
330166
74202
14172
215708
76142
18472
414081
260315
208440
58887
66559
98238
13386
78388
12426
27275
71801
246048
56807
19221
330222
67433
20443
67035
320878
67426
330953
115485862
12983
22186
229595
12424
76626
217864
241116
100855
215384
319626
208177
209225
12662
72056
330914
228071
234594
329178
74617
13209
68339
319642
77739
14370
50776
102632638
666596
72668
93681
70044
20935
18797
14063
268670
625638
52588
232174
13800
56200
68666
244911
52679
52686
66202
93885
13479
70591
547176
320528
18590
192188
434782
12404
20185
118449
70892
67701
14127
27062
12564
329872
73382
74614
229521
19712
20200
93711
71978
66960
18015
100042651
209645
76479
109042
108123
626082
667519
58233
22324
237411
620292
665001
228880
19724
18139
56784
21951
12227
72792
71296
232813
320376
17304
233781
15531
432486
72997
319880
227485
14664
21679
18826
68743
56316
103534
18399
231580
56707
116847
93717
56405
224938
71972
20238
630810
69920
238024
66625
665237
19664
234267
11772
14173
218100
268878
93881
240041
16658
19056
54343
93695
14707
243834
13805
20621
63873
329735
100417355
227613
231834
100043387
58175
19092
242474
80837
108089
544998
27060
21974
319615
78934
228491
55991
226691
11539
74102
234290
270162
331424
235281
360198
21393
98376
74264
68523
19280
100126819
271127
215113
331026
77857
225870
13506
17312
99138
100504632
227723
70458
229927
67729
83453
78506
75951
100072
22793
30878
77891
213956
105439
15931
17075
17750
673676
100040470
331401
14401
638502
20310
102639598
94190
80906
13346
108699
269261
78251
320772
414758
67387
19771
12262
245666
223433
382504
114663
260305
18991
11441
93734
23963
14677
67434
216799
68832
17076
20868
338365
68904
66147
22129
20287
219150
382985
216821
217480
11438
70451
407831
20404
66109
11603
235587
67023
104027
30791
11551
18208
223773
67106
54371
13179
71853
623601
18752
20855
75320
213499
14042
68861
19277
12808
100041735
100504586
21949
72043
20843
16873
269966
387217
237615
242894
23970
70797
212919
627160
239546
666311
27993
74777
53861
100416118
211255
210719
20403
26403
214359
239833
69700
16438
74127
70122
103806
545490
76303
18998
69894
269610
110257
269702
72514
21374
15499
11899
110911
66861
121022
319719
26390
227545
57743
108168916
16574
237823
319262
625237
100504660
207181
70823
11550
319636
11908
20195
170762
12523
320277
277396
15552
68480
75769
56522
21814
20377
22770
20589
22240
224585
14365
66940
628308
74748
268595
433294
15902
13999
207839
15163
330319
100040633
19089
67225
18141
57432
239554
237397
242691
103551
102639653
16001
268566
13380
67771
545758
109168
213988
17289
52428
319817
12124
100041874
107528
320827
218630
228536
67467
106572
67163
263876
15444
72555
79043
432839
16336
12879
117149
114893
321019
665145
19248
67122
20678
216439
19058
74343
68949
213417
22722
235406
16452
107747
20254
27217
66329
100169878
23967
229731
100044509
12490
69863
77056
140741
213760
15566
208104
226144
11931
246079
72027
224129
223666
667962
114716
74016
381073
225027
387524
627049
381835
84112
12310
18719
75906
23859
74253
16515
241311
74337
93742
50790
215210
22671
16898
14461
171171
229706
80905
99586
101118
69008
22228
233789
81906
246177
67020
60510
232210
11835
27056
21938
18183
17858
110835
70675
56018
12322
668182
28105
239408
27205
71785
77045
105504
381126
105853
74008
76132
319710
105559
207474
14228
20658
67916
73274
213788
329650
55984
21402
20423
66225
207259
16151
270106
58805
380924
353236
320027
432466
21948
326620
93696
56453
108069
93876
15458
66552
14404
271981
226641
75590
100041515
77574
233744
433485
69060
57764
380836
